example_output/2023Oct12/DepositFiles/ESRI_ASCII/Run00002.txt
NCOLS   360
NROWS   176
XLLCORNER           0.000
YLLCORNER         -88.000
CELLSIZE           1.000          1.000
NODATA_VALUE  0.000
[rows 28 to 55 of 176, columns 189 to 251 of 360]
0.000000 0.000000 0.000000 0.000000 0.000000 0.000000 0.000000 0.000000 0.000000 0.000000 0.000000 0.000000 0.000000 0.000000 0.000000 0.000000 0.000000 0.000000 0.000000 0.000000 0.000000 0.000000 0.000000 0.000000 0.000000 0.000000 0.000003 0.000006 0.000012 0.000019 0.000032 0.000065 0.000120 0.000187 0.000265 0.000367 0.000517 0.000741 0.001106 0.001766 0.002815 0.004307 0.006268 0.008633 0.011294 0.013803 0.015664 0.016492 0.015821 0.013883 0.011755 0.009106 0.006483 0.004248 0.002415 0.001163 0.000683 0.000507 0.000364 0.000224 0.000127 0.000085 0.000057
0.000000 0.000000 0.000000 0.000000 0.000000 0.000000 0.000003 0.000029 0.000180 0.000809 0.002784 0.007761 0.017130 0.035084 0.064706 0.081159 0.000000 0.000000 0.000000 0.000000 0.000000 0.000000 0.000000 0.000000 0.000000 0.000000 0.000002 0.000005 0.000009 0.000011 0.000021 0.000067 0.000146 0.000262 0.000440 0.000741 0.001315 0.002432 0.004359 0.007311 0.011431 0.016607 0.022037 0.026805 0.029574 0.031083 0.031413 0.030834 0.028504 0.024622 0.019994 0.014613 0.009984 0.006705 0.004349 0.002487 0.001431 0.000936 0.000668 0.000479 0.000298 0.000183 0.000135
0.000000 0.000000 0.000000 0.000000 0.000002 0.000015 0.000112 0.000676 0.003186 0.010440 0.023470 0.040087 0.058278 0.075221 0.083807 0.052025 0.000000 0.000000 0.000000 0.000000 0.000000 0.000000 0.000000 0.000000 0.000000 0.000000 0.000001 0.000003 0.000004 0.000003 0.000014 0.000072 0.000187 0.000441 0.001017 0.002172 0.004566 0.008793 0.014892 0.021880 0.027666 0.031686 0.033971 0.033946 0.033582 0.033280 0.033327 0.033417 0.032815 0.031985 0.029025 0.023632 0.017211 0.011973 0.008291 0.006078 0.004296 0.002915 0.002061 0.001519 0.001098 0.000742 0.000488
0.000000 0.000000 0.000001 0.000007 0.000038 0.000204 0.001175 0.005810 0.017685 0.035306 0.053514 0.066485 0.068467 0.058749 0.027085 0.004397 0.000000 0.000000 0.000000 0.000000 0.000000 0.000000 0.000000 0.000000 0.000000 0.000000 0.000000 0.000001 0.000002 0.000002 0.000009 0.000071 0.000343 0.001176 0.002968 0.006332 0.011185 0.017272 0.022769 0.026206 0.026652 0.024324 0.020565 0.017054 0.014933 0.014450 0.016873 0.020427 0.024579 0.028384 0.029903 0.029307 0.025718 0.020710 0.015254 0.010742 0.008119 0.006457 0.005001 0.004014 0.003314 0.002775 0.002191
0.000000 0.000004 0.000023 0.000101 0.000424 0.001902 0.008082 0.021852 0.040324 0.057224 0.064900 0.058252 0.039411 0.014138 0.002650 0.000452 0.000370 0.000411 0.000393 0.000321 0.000271 0.000208 0.000136 0.000090 0.000069 0.000073 0.000081 0.000090 0.000103 0.000121 0.000157 0.000372 0.001408 0.003732 0.008042 0.012717 0.017580 0.020636 0.020246 0.017309 0.012719 0.007449 0.004168 0.003488 0.003823 0.004064 0.004404 0.005672 0.008361 0.012957 0.018489 0.023068 0.025113 0.024264 0.021571 0.017866 0.014077 0.011035 0.009231 0.007959 0.006753 0.005735 0.004947
0.000009 0.000053 0.000239 0.000915 0.003489 0.011492 0.026312 0.043216 0.056796 0.057563 0.047300 0.027694 0.009018 0.002706 0.001967 0.001997 0.002087 0.002376 0.002519 0.002746 0.002921 0.003052 0.003125 0.003239 0.003298 0.003313 0.003348 0.003424 0.003496 0.003698 0.004205 0.005305 0.007181 0.009514 0.011896 0.014319 0.015975 0.015420 0.011883 0.007503 0.004578 0.004038 0.004433 0.005294 0.005585 0.005357 0.004639 0.003640 0.002943 0.003653 0.006180 0.010770 0.016032 0.019244 0.021555 0.021428 0.019990 0.017881 0.015585 0.013600 0.012160 0.010939 0.009744
0.000073 0.000418 0.001760 0.006128 0.016914 0.033181 0.047097 0.055538 0.050244 0.036846 0.019869 0.007618 0.003676 0.003086 0.003079 0.003207 0.003521 0.003916 0.003871 0.003715 0.003506 0.003300 0.003178 0.003077 0.003042 0.003032 0.003039 0.003092 0.003164 0.003314 0.003631 0.004150 0.005039 0.006183 0.007087 0.007635 0.007412 0.006189 0.005199 0.004643 0.005138 0.006037 0.006735 0.007229 0.007111 0.006475 0.005463 0.004230 0.003065 0.002110 0.001496 0.002567 0.005527 0.010171 0.014613 0.017999 0.019899 0.020307 0.019696 0.018560 0.017503 0.016327 0.015291
0.000547 0.002707 0.009040 0.021966 0.036721 0.047538 0.050799 0.043216 0.028615 0.013503 0.006045 0.004001 0.003964 0.003710 0.003762 0.003160 0.002493 0.002011 0.001629 0.001369 0.001178 0.001013 0.000867 0.000813 0.000809 0.000804 0.000831 0.000943 0.001041 0.001143 0.001302 0.001507 0.001748 0.002078 0.002441 0.002875 0.003503 0.004385 0.005463 0.006509 0.007269 0.007790 0.007981 0.007627 0.006903 0.005878 0.004711 0.003651 0.002743 0.001997 0.001399 0.000976 0.001020 0.002501 0.005313 0.009064 0.012339 0.014905 0.016158 0.016912 0.017145 0.016757 0.016328
0.002888 0.010295 0.023650 0.037572 0.046754 0.048064 0.039657 0.018501 0.004930 0.005231 0.005424 0.005250 0.004125 0.002867 0.001970 0.001446 0.001162 0.000987 0.000824 0.000692 0.000598 0.000562 0.000845 0.001323 0.002206 0.003467 0.004647 0.005574 0.006631 0.006691 0.006711 0.006721 0.006731 0.006902 0.007293 0.007799 0.008330 0.008643 0.008887 0.009059 0.008882 0.008370 0.007558 0.006531 0.005482 0.004477 0.003563 0.002760 0.002092 0.001565 0.001150 0.000838 0.000612 0.000457 0.000509 0.001615 0.003815 0.007186 0.010624 0.013340 0.015688 0.016623 0.016907
0.009160 0.021474 0.035742 0.046137 0.052974 0.044741 0.018980 0.007389 0.007817 0.006681 0.004991 0.003556 0.002423 0.001660 0.001252 0.001029 0.000857 0.000700 0.000582 0.000538 0.000613 0.001554 0.004062 0.007933 0.011419 0.014956 0.017236 0.018259 0.018699 0.018145 0.017274 0.016327 0.015299 0.014412 0.013621 0.012750 0.011942 0.011071 0.010120 0.009145 0.008035 0.006889 0.005809 0.004818 0.003973 0.003220 0.002556 0.001954 0.001468 0.001088 0.000812 0.000618 0.000487 0.000392 0.000312 0.000241 0.000230 0.001291 0.003596 0.007052 0.010854 0.013847 0.016390
0.016708 0.030932 0.048279 0.058186 0.058439 0.032677 0.011449 0.008497 0.006557 0.005015 0.003787 0.002761 0.001952 0.001415 0.001103 0.000893 0.000717 0.000591 0.000526 0.000634 0.001553 0.005050 0.010146 0.016060 0.020652 0.024113 0.026068 0.026439 0.025695 0.024176 0.022283 0.020239 0.018119 0.016088 0.014207 0.012410 0.010806 0.009301 0.007992 0.006879 0.005850 0.004924 0.004046 0.003281 0.002683 0.002207 0.001788 0.001379 0.001040 0.000779 0.000593 0.000469 0.000383 0.000307 0.000237 0.000176 0.000124 0.000091 0.000151 0.001090 0.003619 0.007423 0.011225
0.027219 0.046372 0.065304 0.069997 0.058329 0.025192 0.010139 0.006917 0.005379 0.004450 0.003478 0.002570 0.001884 0.001388 0.001059 0.000840 0.000671 0.000563 0.000526 0.000830 0.002689 0.007777 0.014081 0.019577 0.023814 0.026301 0.027033 0.026493 0.024880 0.022726 0.020283 0.017734 0.015275 0.013052 0.011113 0.009435 0.008040 0.006845 0.005806 0.004878 0.004042 0.003327 0.002781 0.002372 0.002024 0.001671 0.001285 0.000952 0.000689 0.000527 0.000426 0.000344 0.000268 0.000198 0.000134 0.000081 0.000048 0.000038 0.000037 0.000040 0.000116 0.001136 0.003866
0.044478 0.069996 0.083126 0.079461 0.046468 0.017895 0.008477 0.005955 0.005170 0.004409 0.003558 0.002721 0.002059 0.001518 0.001130 0.000863 0.000679 0.000564 0.000819 0.002709 0.006174 0.011735 0.016630 0.020552 0.022752 0.023472 0.023076 0.021880 0.019996 0.017812 0.015450 0.013162 0.011087 0.009275 0.007742 0.006483 0.005475 0.004640 0.003961 0.003399 0.002908 0.002483 0.002113 0.001792 0.001472 0.001141 0.000834 0.000612 0.000473 0.000382 0.000299 0.000218 0.000145 0.000082 0.000040 0.000019 0.000012 0.000011 0.000011 0.000013 0.000015 0.000021 0.000136
0.064696 0.088148 0.093567 0.079894 0.037432 0.013075 0.007393 0.006054 0.005466 0.004778 0.003999 0.003156 0.002448 0.001829 0.001356 0.001025 0.001223 0.002644 0.004641 0.008477 0.013042 0.016784 0.019299 0.020466 0.020793 0.020328 0.019253 0.017586 0.015387 0.012989 0.010769 0.008858 0.007322 0.006155 0.005253 0.004541 0.003956 0.003436 0.002975 0.002552 0.002164 0.001830 0.001535 0.001256 0.000989 0.000746 0.000565 0.000441 0.000344 0.000254 0.000169 0.000096 0.000044 0.000017 0.000007 0.000004 0.000004 0.000003 0.000003 0.000004 0.000004 0.000005 0.000007
0.077920 0.098301 0.099432 0.079337 0.030395 0.009829 0.007135 0.006445 0.005883 0.005267 0.004589 0.003815 0.003075 0.002438 0.002757 0.003967 0.005410 0.007808 0.011477 0.015066 0.017700 0.018921 0.019236 0.019092 0.018473 0.017079 0.014952 0.012662 0.010491 0.008605 0.007062 0.005836 0.004901 0.004196 0.003631 0.003163 0.002752 0.002368 0.002019 0.001705 0.001426 0.001189 0.000983 0.000799 0.000646 0.000517 0.000408 0.000306 0.000211 0.000129 0.000062 0.000023 0.000007 0.000002 0.000001 0.000001 0.000001 0.000001 0.000001 0.000001 0.000001 0.000001 0.000001
0.084539 0.104647 0.104772 0.085762 0.032009 0.009143 0.007777 0.007059 0.006492 0.005938 0.005329 0.005007 0.005466 0.006522 0.007654 0.009094 0.012107 0.015279 0.017770 0.018874 0.019135 0.018944 0.018240 0.016642 0.014534 0.012195 0.010015 0.008215 0.006716 0.005495 0.004522 0.003756 0.003176 0.002732 0.002362 0.002044 0.001759 0.001499 0.001275 0.001088 0.000927 0.000792 0.000675 0.000569 0.000472 0.000372 0.000268 0.000173 0.000094 0.000037 0.000010 0.000002 0.000000 0.000000 0.000000 0.000000 0.000000 0.000000 0.000000 0.000000 0.000000 0.000000 0.000000
0.082983 0.103480 0.107988 0.094616 0.055032 0.019359 0.010118 0.008450 0.007860 0.008001 0.008534 0.009329 0.010535 0.012598 0.015518 0.018228 0.020019 0.020633 0.020756 0.020415 0.019435 0.017797 0.015546 0.013043 0.010735 0.008796 0.007256 0.005999 0.004917 0.004022 0.003318 0.002771 0.002354 0.002019 0.001729 0.001478 0.001261 0.001071 0.000914 0.000788 0.000681 0.000590 0.000503 0.000415 0.000324 0.000226 0.000136 0.000066 0.000022 0.000004 0.000000 0.000000 0.000000 0.000000 0.000000 0.000000 0.000000 0.000000 0.000000 0.000000 0.000000 0.000000 0.000000
0.072959 0.092012 0.103432 0.097063 0.077765 0.049870 0.029102 0.019819 0.016556 0.015754 0.016411 0.018026 0.019756 0.021181 0.022363 0.023021 0.023159 0.022591 0.021175 0.019348 0.017146 0.014693 0.012264 0.010053 0.008260 0.006823 0.005625 0.004614 0.003744 0.003050 0.002527 0.002123 0.001797 0.001516 0.001274 0.001070 0.000903 0.000766 0.000656 0.000564 0.000481 0.000405 0.000328 0.000245 0.000164 0.000093 0.000040 0.000012 0.000002 0.000000 0.000000 0.000000 0.000000 0.000000 0.000000 0.000000 0.000000 0.000000 0.000000 0.000000 0.000000 0.000000 0.000000
0.060931 0.077256 0.090408 0.094308 0.085461 0.070026 0.054691 0.044553 0.037630 0.033653 0.031382 0.030336 0.029540 0.028620 0.027358 0.025645 0.023638 0.021428 0.019099 0.016705 0.014204 0.011775 0.009610 0.007793 0.006345 0.005148 0.004153 0.003349 0.002704 0.002223 0.001855 0.001558 0.001308 0.001092 0.000909 0.000757 0.000636 0.000533 0.000450 0.000376 0.000304 0.000235 0.000167 0.000104 0.000056 0.000024 0.000007 0.000000 0.000000 0.000000 0.000000 0.000000 0.000000 0.000000 0.000000 0.000000 0.000000 0.000000 0.000000 0.000000 0.000000 0.000000 0.000000
0.040456 0.055838 0.069501 0.079057 0.081088 0.076058 0.068073 0.059504 0.052398 0.047166 0.042843 0.039276 0.035827 0.032575 0.029590 0.026536 0.023523 0.020484 0.017434 0.014504 0.011748 0.009385 0.007462 0.005924 0.004727 0.003765 0.003014 0.002444 0.002004 0.001666 0.001386 0.001144 0.000937 0.000762 0.000618 0.000503 0.000410 0.000330 0.000261 0.000200 0.000144 0.000097 0.000058 0.000031 0.000013 0.000004 0.000000 0.000000 0.000000 0.000000 0.000000 0.000000 0.000000 0.000000 0.000000 0.000000 0.000000 0.000000 0.000000 0.000000 0.000000 0.000000 0.000000
0.015154 0.025961 0.038421 0.049806 0.057049 0.060404 0.059667 0.056271 0.051786 0.046959 0.041981 0.037322 0.032833 0.028709 0.025075 0.021659 0.018493 0.015479 0.012663 0.010168 0.008040 0.006348 0.005010 0.003964 0.003165 0.002536 0.002051 0.001672 0.001363 0.001107 0.000887 0.000700 0.000548 0.000429 0.000334 0.000259 0.000198 0.000146 0.000105 0.000073 0.000047 0.000028 0.000015 0.000006 0.000002 0.000000 0.000000 0.000000 0.000000 0.000000 0.000000 0.000000 0.000000 0.000000 0.000000 0.000000 0.000000 0.000000 0.000000 0.000000 0.000000 0.000000 0.000000
0.001225 0.004324 0.010037 0.017873 0.025511 0.031325 0.034772 0.035188 0.034300 0.032113 0.028943 0.025427 0.021852 0.018476 0.015435 0.012771 0.010483 0.008503 0.006838 0.005457 0.004355 0.003497 0.002807 0.002260 0.001828 0.001478 0.001199 0.000965 0.000767 0.000603 0.000470 0.000365 0.000282 0.000216 0.000163 0.000120 0.000088 0.000062 0.000042 0.000027 0.000016 0.000009 0.000004 0.000002 0.000000 0.000000 0.000000 0.000000 0.000000 0.000000 0.000000 0.000000 0.000000 0.000000 0.000000 0.000000 0.000000 0.000000 0.000000 0.000000 0.000000 0.000000 0.000000
0.000004 0.000013 0.000333 0.001808 0.004504 0.007680 0.011087 0.013117 0.013906 0.013646 0.012590 0.011116 0.009539 0.008065 0.006675 0.005467 0.004456 0.003623 0.002992 0.002446 0.001993 0.001615 0.001294 0.001036 0.000829 0.000661 0.000525 0.000417 0.000330 0.000262 0.000206 0.000160 0.000122 0.000093 0.000068 0.000049 0.000035 0.000024 0.000015 0.000009 0.000004 0.000002 0.000000 0.000000 0.000000 0.000000 0.000000 0.000000 0.000000 0.000000 0.000000 0.000000 0.000000 0.000000 0.000000 0.000000 0.000000 0.000000 0.000000 0.000000 0.000000 0.000000 0.000000
0.000000 0.000000 0.000000 0.000000 0.000022 0.000330 0.001048 0.001897 0.002741 0.003028 0.002983 0.002753 0.002447 0.002186 0.001945 0.001731 0.001496 0.001275 0.001092 0.000904 0.000742 0.000608 0.000494 0.000409 0.000337 0.000273 0.000221 0.000177 0.000142 0.000113 0.000089 0.000070 0.000053 0.000040 0.000028 0.000019 0.000012 0.000007 0.000003 0.000001 0.000000 0.000000 0.000000 0.000000 0.000000 0.000000 0.000000 0.000000 0.000000 0.000000 0.000000 0.000000 0.000000 0.000000 0.000000 0.000000 0.000000 0.000000 0.000000 0.000000 0.000000 0.000000 0.000000
0.000000 0.000000 0.000000 0.000000 0.000000 0.000000 0.000000 0.000000 0.000044 0.000078 0.000090 0.000087 0.000072 0.000068 0.000073 0.000121 0.000183 0.000217 0.000239 0.000228 0.000213 0.000194 0.000171 0.000149 0.000129 0.000111 0.000095 0.000080 0.000068 0.000055 0.000044 0.000034 0.000025 0.000018 0.000012 0.000007 0.000003 0.000000 0.000000 0.000000 0.000000 0.000000 0.000000 0.000000 0.000000 0.000000 0.000000 0.000000 0.000000 0.000000 0.000000 0.000000 0.000000 0.000000 0.000000 0.000000 0.000000 0.000000 0.000000 0.000000 0.000000 0.000000 0.000000
0.000000 0.000000 0.000000 0.000000 0.000000 0.000000 0.000000 0.000000 0.000000 0.000000 0.000000 0.000000 0.000000 0.000000 0.000000 0.000000 0.000003 0.000013 0.000028 0.000034 0.000039 0.000042 0.000043 0.000043 0.000041 0.000039 0.000036 0.000032 0.000028 0.000023 0.000019 0.000014 0.000009 0.000006 0.000003 0.000000 0.000000 0.000000 0.000000 0.000000 0.000000 0.000000 0.000000 0.000000 0.000000 0.000000 0.000000 0.000000 0.000000 0.000000 0.000000 0.000000 0.000000 0.000000 0.000000 0.000000 0.000000 0.000000 0.000000 0.000000 0.000000 0.000000 0.000000
0.000000 0.000000 0.000000 0.000000 0.000000 0.000000 0.000000 0.000000 0.000000 0.000000 0.000000 0.000000 0.000000 0.000000 0.000000 0.000000 0.000000 0.000000 0.000000 0.000000 0.000001 0.000002 0.000004 0.000006 0.000007 0.000008 0.000008 0.000008 0.000008 0.000006 0.000005 0.000003 0.000002 0.000000 0.000000 0.000000 0.000000 0.000000 0.000000 0.000000 0.000000 0.000000 0.000000 0.000000 0.000000 0.000000 0.000000 0.000000 0.000000 0.000000 0.000000 0.000000 0.000000 0.000000 0.000000 0.000000 0.000000 0.000000 0.000000 0.000000 0.000000 0.000000 0.000000
0.000000 0.000000 0.000000 0.000000 0.000000 0.000000 0.000000 0.000000 0.000000 0.000000 0.000000 0.000000 0.000000 0.000000 0.000000 0.000000 0.000000 0.000000 0.000000 0.000000 0.000000 0.000000 0.000000 0.000000 0.000000 0.000000 0.000000 0.000000 0.000000 0.000000 0.000000 0.000000 0.000000 0.000000 0.000000 0.000000 0.000000 0.000000 0.000000 0.000000 0.000000 0.000000 0.000000 0.000000 0.000000 0.000000 0.000000 0.000000 0.000000 0.000000 0.000000 0.000000 0.000000 0.000000 0.000000 0.000000 0.000000 0.000000 0.000000 0.000000 0.000000 0.000000 0.000000
