example_output/2023Oct12/DepositFiles/ESRI_ASCII/Run00005.txt
NCOLS   360
NROWS   176
XLLCORNER           0.000
YLLCORNER         -88.000
CELLSIZE           1.000          1.000
NODATA_VALUE  0.000
[rows 0 to 27 of 176, columns 189 to 251 of 360]
0.000000 0.000000 0.000000 0.000000 0.000000 0.000000 0.000000 0.000000 0.000000 0.000000 0.000000 0.000000 0.000000 0.000000 0.000000 0.000000 0.000000 0.000000 0.000000 0.000000 0.000000 0.000000 0.000000 0.000000 0.000000 0.000000 0.000000 0.000000 0.000000 0.000000 0.000000 0.000000 0.000000 0.000000 0.000000 0.000000 0.000000 0.000000 0.000000 0.000000 0.000000 0.000000 0.000000 0.000000 0.000000 0.000000 0.000000 0.000000 0.000000 0.000000 0.000000 0.000000 0.000000 0.000000 0.000000 0.000000 0.000000 0.000000 0.000000 0.000000 0.000000 0.000000 0.000000
0.000000 0.000000 0.000000 0.000000 0.000000 0.000000 0.000000 0.000000 0.000000 0.000000 0.000000 0.000000 0.000000 0.000000 0.000000 0.000000 0.000000 0.000000 0.000000 0.000000 0.000000 0.000000 0.000000 0.000000 0.000000 0.000000 0.000000 0.000000 0.000000 0.000000 0.000000 0.000000 0.000000 0.000000 0.000000 0.000000 0.000000 0.000000 0.000000 0.000000 0.000000 0.000000 0.000000 0.000000 0.000000 0.000000 0.000000 0.000000 0.000000 0.000000 0.000000 0.000000 0.000000 0.000000 0.000000 0.000000 0.000000 0.000000 0.000000 0.000000 0.000000 0.000000 0.000000
0.000000 0.000000 0.000000 0.000000 0.000000 0.000000 0.000000 0.000000 0.000000 0.000000 0.000000 0.000000 0.000000 0.000000 0.000000 0.000000 0.000000 0.000000 0.000000 0.000000 0.000000 0.000000 0.000000 0.000000 0.000000 0.000000 0.000000 0.000000 0.000000 0.000000 0.000000 0.000000 0.000000 0.000000 0.000000 0.000000 0.000000 0.000000 0.000000 0.000000 0.000000 0.000000 0.000000 0.000000 0.000000 0.000000 0.000000 0.000000 0.000000 0.000000 0.000000 0.000000 0.000000 0.000000 0.000000 0.000000 0.000000 0.000000 0.000000 0.000000 0.000000 0.000000 0.000000
0.000000 0.000000 0.000000 0.000000 0.000000 0.000000 0.000000 0.000000 0.000000 0.000000 0.000000 0.000000 0.000000 0.000000 0.000000 0.000000 0.000000 0.000000 0.000000 0.000000 0.000000 0.000000 0.000000 0.000000 0.000000 0.000000 0.000000 0.000000 0.000000 0.000000 0.000000 0.000000 0.000000 0.000000 0.000000 0.000000 0.000000 0.000000 0.000000 0.000000 0.000000 0.000000 0.000000 0.000000 0.000000 0.000000 0.000000 0.000000 0.000000 0.000000 0.000000 0.000000 0.000000 0.000000 0.000000 0.000000 0.000000 0.000000 0.000000 0.000000 0.000000 0.000000 0.000000
0.000000 0.000000 0.000000 0.000000 0.000000 0.000000 0.000000 0.000000 0.000000 0.000000 0.000000 0.000000 0.000000 0.000000 0.000000 0.000000 0.000000 0.000000 0.000000 0.000000 0.000000 0.000000 0.000000 0.000000 0.000000 0.000000 0.000000 0.000000 0.000000 0.000000 0.000000 0.000000 0.000000 0.000000 0.000000 0.000000 0.000000 0.000000 0.000000 0.000000 0.000000 0.000000 0.000000 0.000000 0.000000 0.000000 0.000000 0.000000 0.000000 0.000000 0.000000 0.000000 0.000000 0.000000 0.000000 0.000000 0.000000 0.000000 0.000000 0.000000 0.000000 0.000000 0.000000
0.000000 0.000000 0.000000 0.000000 0.000000 0.000000 0.000000 0.000000 0.000000 0.000000 0.000000 0.000000 0.000000 0.000000 0.000000 0.000001 0.000001 0.000002 0.000002 0.000002 0.000002 0.000002 0.000002 0.000002 0.000002 0.000002 0.000002 0.000002 0.000002 0.000002 0.000002 0.000002 0.000002 0.000002 0.000002 0.000002 0.000002 0.000002 0.000002 0.000002 0.000001 0.000001 0.000001 0.000001 0.000001 0.000000 0.000000 0.000000 0.000000 0.000000 0.000000 0.000000 0.000000 0.000000 0.000000 0.000000 0.000000 0.000000 0.000000 0.000000 0.000000 0.000000 0.000000
0.000000 0.000000 0.000000 0.000000 0.000000 0.000000 0.000000 0.000000 0.000000 0.000000 0.000000 0.000000 0.000000 0.000000 0.000000 0.000001 0.000002 0.000002 0.000003 0.000003 0.000004 0.000005 0.000005 0.000006 0.000006 0.000007 0.000007 0.000007 0.000007 0.000007 0.000007 0.000007 0.000007 0.000007 0.000007 0.000007 0.000007 0.000007 0.000007 0.000007 0.000007 0.000006 0.000006 0.000005 0.000005 0.000004 0.000004 0.000003 0.000003 0.000003 0.000002 0.000002 0.000002 0.000001 0.000000 0.000000 0.000000 0.000000 0.000000 0.000000 0.000000 0.000000 0.000000
0.000000 0.000000 0.000000 0.000000 0.000000 0.000000 0.000000 0.000000 0.000000 0.000000 0.000000 0.000000 0.000000 0.000000 0.000000 0.000000 0.000001 0.000002 0.000003 0.000003 0.000005 0.000006 0.000007 0.000008 0.000010 0.000011 0.000013 0.000014 0.000015 0.000016 0.000017 0.000017 0.000018 0.000018 0.000018 0.000018 0.000019 0.000019 0.000019 0.000019 0.000018 0.000018 0.000017 0.000017 0.000016 0.000015 0.000014 0.000013 0.000012 0.000012 0.000011 0.000010 0.000009 0.000009 0.000008 0.000007 0.000007 0.000006 0.000006 0.000006 0.000006 0.000005 0.000005
0.000000 0.000000 0.000000 0.000000 0.000000 0.000000 0.000000 0.000000 0.000000 0.000000 0.000000 0.000000 0.000000 0.000000 0.000000 0.000000 0.000000 0.000000 0.000000 0.000001 0.000002 0.000003 0.000004 0.000006 0.000008 0.000010 0.000013 0.000016 0.000020 0.000024 0.000027 0.000031 0.000034 0.000036 0.000037 0.000038 0.000038 0.000037 0.000037 0.000037 0.000036 0.000036 0.000036 0.000035 0.000035 0.000034 0.000032 0.000031 0.000030 0.000029 0.000028 0.000027 0.000026 0.000025 0.000024 0.000023 0.000022 0.000021 0.000020 0.000019 0.000019 0.000018 0.000017
0.000000 0.000000 0.000000 0.000000 0.000000 0.000000 0.000000 0.000000 0.000000 0.000000 0.000000 0.000000 0.000000 0.000000 0.000000 0.000000 0.000000 0.000000 0.000000 0.000000 0.000000 0.000000 0.000000 0.000001 0.000002 0.000003 0.000004 0.000007 0.000011 0.000016 0.000024 0.000033 0.000042 0.000050 0.000055 0.000059 0.000062 0.000064 0.000065 0.000066 0.000067 0.000067 0.000067 0.000066 0.000064 0.000062 0.000060 0.000057 0.000054 0.000052 0.000051 0.000049 0.000047 0.000046 0.000044 0.000043 0.000042 0.000041 0.000039 0.000038 0.000037 0.000036 0.000034
0.000000 0.000000 0.000000 0.000000 0.000000 0.000000 0.000000 0.000000 0.000000 0.000000 0.000000 0.000000 0.000000 0.000000 0.000000 0.000000 0.000000 0.000000 0.000000 0.000000 0.000000 0.000000 0.000000 0.000000 0.000000 0.000002 0.000003 0.000004 0.000007 0.000012 0.000018 0.000027 0.000037 0.000049 0.000060 0.000070 0.000081 0.000090 0.000097 0.000104 0.000110 0.000113 0.000114 0.000113 0.000111 0.000106 0.000101 0.000096 0.000089 0.000083 0.000078 0.000074 0.000071 0.000068 0.000066 0.000064 0.000063 0.000062 0.000060 0.000059 0.000057 0.000055 0.000052
0.000000 0.000000 0.000000 0.000000 0.000000 0.000000 0.000000 0.000000 0.000000 0.000000 0.000000 0.000000 0.000000 0.000000 0.000000 0.000000 0.000000 0.000000 0.000000 0.000000 0.000000 0.000000 0.000000 0.000000 0.000001 0.000003 0.000004 0.000007 0.000010 0.000016 0.000024 0.000034 0.000045 0.000058 0.000072 0.000088 0.000103 0.000117 0.000128 0.000137 0.000143 0.000146 0.000147 0.000145 0.000141 0.000136 0.000130 0.000124 0.000117 0.000112 0.000108 0.000104 0.000101 0.000098 0.000095 0.000092 0.000088 0.000084 0.000080 0.000077 0.000073 0.000069 0.000065
0.000000 0.000000 0.000000 0.000000 0.000000 0.000000 0.000000 0.000000 0.000000 0.000000 0.000000 0.000000 0.000000 0.000000 0.000000 0.000000 0.000000 0.000000 0.000000 0.000000 0.000000 0.000000 0.000000 0.000000 0.000002 0.000003 0.000005 0.000008 0.000014 0.000023 0.000039 0.000061 0.000081 0.000101 0.000122 0.000138 0.000147 0.000154 0.000157 0.000158 0.000158 0.000157 0.000156 0.000152 0.000146 0.000139 0.000136 0.000134 0.000131 0.000129 0.000125 0.000121 0.000117 0.000113 0.000109 0.000104 0.000099 0.000093 0.000087 0.000081 0.000075 0.000069 0.000063
0.000000 0.000000 0.000000 0.000000 0.000000 0.000000 0.000000 0.000000 0.000000 0.000000 0.000000 0.000000 0.000000 0.000000 0.000000 0.000000 0.000000 0.000000 0.000000 0.000000 0.000000 0.000000 0.000000 0.000003 0.000006 0.000012 0.000028 0.000047 0.000066 0.000087 0.000116 0.000152 0.000180 0.000191 0.000205 0.000214 0.000218 0.000217 0.000213 0.000207 0.000200 0.000189 0.000176 0.000161 0.000146 0.000133 0.000121 0.000110 0.000101 0.000093 0.000087 0.000080 0.000073 0.000066 0.000059 0.000053 0.000046 0.000041 0.000035 0.000031 0.000027 0.000024 0.000022
0.000000 0.000000 0.000000 0.000000 0.000000 0.000000 0.000000 0.000000 0.000000 0.000000 0.000000 0.000000 0.000000 0.000000 0.000000 0.000000 0.000000 0.000000 0.000000 0.000001 0.000007 0.000024 0.000058 0.000090 0.000109 0.000129 0.000181 0.000237 0.000282 0.000305 0.000315 0.000320 0.000319 0.000310 0.000293 0.000270 0.000242 0.000215 0.000188 0.000163 0.000141 0.000120 0.000101 0.000085 0.000071 0.000060 0.000051 0.000042 0.000035 0.000029 0.000023 0.000018 0.000015 0.000012 0.000009 0.000008 0.000006 0.000005 0.000004 0.000004 0.000004 0.000003 0.000003
0.000000 0.000000 0.000000 0.000000 0.000000 0.000000 0.000000 0.000000 0.000000 0.000000 0.000000 0.000000 0.000000 0.000000 0.000002 0.000007 0.000034 0.000096 0.000165 0.000218 0.000296 0.000371 0.000444 0.000505 0.000535 0.000546 0.000535 0.000507 0.000464 0.000417 0.000373 0.000331 0.000291 0.000247 0.000204 0.000165 0.000132 0.000104 0.000082 0.000065 0.000052 0.000041 0.000033 0.000025 0.000019 0.000014 0.000010 0.000007 0.000005 0.000003 0.000002 0.000001 0.000001 0.000000 0.000000 0.000000 0.000000 0.000000 0.000000 0.000000 0.000000 0.000000 0.000000
0.000000 0.000000 0.000000 0.000000 0.000000 0.000000 0.000000 0.000000 0.000000 0.000000 0.000008 0.000050 0.000186 0.000442 0.000697 0.000830 0.000887 0.000902 0.000883 0.000838 0.000777 0.000709 0.000638 0.000572 0.000507 0.000455 0.000406 0.000356 0.000303 0.000247 0.000196 0.000155 0.000120 0.000092 0.000068 0.000050 0.000034 0.000022 0.000014 0.000010 0.000006 0.000003 0.000002 0.000001 0.000000 0.000000 0.000000 0.000000 0.000000 0.000000 0.000000 0.000000 0.000000 0.000000 0.000000 0.000000 0.000000 0.000000 0.000000 0.000000 0.000000 0.000000 0.000000
0.000000 0.000000 0.000000 0.000000 0.000000 0.000000 0.000000 0.000036 0.000257 0.000762 0.001331 0.001521 0.001426 0.001200 0.000953 0.000773 0.000676 0.000624 0.000601 0.000569 0.000519 0.000445 0.000371 0.000309 0.000258 0.000214 0.000173 0.000133 0.000109 0.000082 0.000059 0.000039 0.000025 0.000015 0.000008 0.000005 0.000005 0.000006 0.000005 0.000005 0.000004 0.000004 0.000003 0.000002 0.000001 0.000000 0.000000 0.000000 0.000000 0.000000 0.000000 0.000000 0.000000 0.000000 0.000000 0.000000 0.000000 0.000000 0.000000 0.000000 0.000000 0.000000 0.000000
0.000000 0.000000 0.000000 0.000000 0.000002 0.000120 0.000601 0.001532 0.002342 0.002413 0.001619 0.001015 0.000624 0.000538 0.000522 0.000527 0.000528 0.000523 0.000505 0.000467 0.000434 0.000388 0.000324 0.000264 0.000206 0.000150 0.000101 0.000061 0.000031 0.000013 0.000008 0.000007 0.000007 0.000006 0.000006 0.000007 0.000009 0.000011 0.000014 0.000015 0.000015 0.000013 0.000010 0.000007 0.000004 0.000002 0.000000 0.000000 0.000000 0.000000 0.000000 0.000000 0.000000 0.000000 0.000000 0.000000 0.000000 0.000000 0.000000 0.000000 0.000000 0.000000 0.000000
0.000000 0.000000 0.000000 0.000057 0.000679 0.002138 0.003839 0.003662 0.002065 0.001085 0.000612 0.000538 0.000550 0.000721 0.000859 0.000983 0.001034 0.001031 0.001008 0.000943 0.000866 0.000769 0.000634 0.000498 0.000365 0.000244 0.000148 0.000079 0.000035 0.000015 0.000012 0.000013 0.000017 0.000021 0.000028 0.000037 0.000044 0.000050 0.000051 0.000049 0.000045 0.000044 0.000044 0.000042 0.000038 0.000029 0.000017 0.000007 0.000000 0.000000 0.000000 0.000000 0.000000 0.000000 0.000000 0.000000 0.000000 0.000000 0.000000 0.000000 0.000000 0.000000 0.000000
0.000001 0.000024 0.000469 0.002274 0.004747 0.005854 0.004250 0.002326 0.001034 0.000703 0.000806 0.001196 0.001615 0.002193 0.002830 0.003450 0.003724 0.003802 0.003600 0.003085 0.002566 0.002022 0.001509 0.001128 0.000840 0.000590 0.000395 0.000246 0.000146 0.000105 0.000091 0.000095 0.000110 0.000125 0.000142 0.000153 0.000162 0.000181 0.000210 0.000243 0.000271 0.000274 0.000250 0.000213 0.000171 0.000132 0.000092 0.000052 0.000019 0.000002 0.000000 0.000000 0.000000 0.000000 0.000000 0.000000 0.000000 0.000000 0.000000 0.000000 0.000000 0.000000 0.000000
0.000007 0.000921 0.003575 0.008763 0.013087 0.011215 0.005521 0.001807 0.000990 0.001316 0.002330 0.004073 0.006148 0.008272 0.009749 0.010625 0.010798 0.010597 0.010215 0.009355 0.008321 0.007126 0.005630 0.004253 0.003009 0.001998 0.001351 0.000963 0.000711 0.000569 0.000486 0.000443 0.000426 0.000412 0.000421 0.000446 0.000501 0.000583 0.000678 0.000745 0.000756 0.000718 0.000625 0.000515 0.000394 0.000286 0.000205 0.000136 0.000072 0.000020 0.000000 0.000000 0.000000 0.000000 0.000000 0.000000 0.000000 0.000000 0.000000 0.000000 0.000000 0.000000 0.000000
0.002550 0.007855 0.015787 0.024937 0.025272 0.015223 0.005438 0.001954 0.001834 0.003558 0.006543 0.009987 0.013223 0.015786 0.016742 0.016885 0.016411 0.015485 0.014518 0.013669 0.012807 0.011899 0.010834 0.009646 0.008298 0.006690 0.005022 0.003648 0.002643 0.002007 0.001588 0.001335 0.001206 0.001162 0.001197 0.001290 0.001420 0.001512 0.001552 0.001503 0.001372 0.001205 0.001021 0.000852 0.000678 0.000501 0.000345 0.000228 0.000140 0.000059 0.000009 0.000000 0.000000 0.000000 0.000000 0.000000 0.000001 0.000000 0.000000 0.000000 0.000000 0.000000 0.000000
0.015850 0.026086 0.040829 0.049376 0.042662 0.025515 0.009865 0.003767 0.004160 0.007339 0.011859 0.017053 0.021556 0.023290 0.022742 0.020862 0.018796 0.017042 0.015496 0.014482 0.013738 0.013080 0.012658 0.012227 0.011563 0.010629 0.009354 0.008024 0.006649 0.005494 0.004582 0.003930 0.003507 0.003298 0.003206 0.003153 0.003090 0.002960 0.002811 0.002596 0.002295 0.001921 0.001485 0.001145 0.000915 0.000724 0.000535 0.000345 0.000208 0.000108 0.000031 0.000003 0.000000 0.000000 0.000000 0.000001 0.000005 0.000007 0.000006 0.000005 0.000004 0.000003 0.000003
0.037496 0.050025 0.065939 0.073435 0.068630 0.045976 0.022131 0.009464 0.008333 0.013433 0.021741 0.029333 0.032001 0.030876 0.026792 0.022840 0.020085 0.018419 0.016761 0.015566 0.014607 0.013648 0.013174 0.012943 0.012576 0.012224 0.011576 0.010737 0.009824 0.008937 0.008111 0.007315 0.006595 0.006009 0.005472 0.004962 0.004486 0.004007 0.003609 0.003272 0.002947 0.002613 0.002185 0.001678 0.001227 0.000952 0.000744 0.000513 0.000294 0.000158 0.000062 0.000011 0.000001 0.000000 0.000000 0.000000 0.000009 0.000018 0.000023 0.000026 0.000027 0.000027 0.000027
0.057222 0.070907 0.087113 0.099169 0.104713 0.094502 0.063142 0.030223 0.019397 0.027835 0.037284 0.040477 0.038908 0.032293 0.026422 0.022777 0.020399 0.018936 0.017496 0.016348 0.015355 0.014294 0.013613 0.013134 0.012631 0.012407 0.012019 0.011497 0.010995 0.010327 0.009660 0.008938 0.008138 0.007424 0.006717 0.006009 0.005346 0.004676 0.004115 0.003671 0.003306 0.003017 0.002689 0.002280 0.001760 0.001254 0.000940 0.000689 0.000421 0.000214 0.000102 0.000029 0.000004 0.000000 0.000000 0.000000 0.000013 0.000038 0.000061 0.000073 0.000082 0.000090 0.000097
0.082657 0.101044 0.124151 0.142330 0.161905 0.171339 0.134745 0.085647 0.055676 0.056124 0.054799 0.048408 0.038783 0.030004 0.025108 0.022194 0.020047 0.018471 0.017203 0.016137 0.015266 0.014378 0.013703 0.013051 0.012328 0.011799 0.011212 0.010629 0.010200 0.009648 0.009104 0.008542 0.007904 0.007321 0.006768 0.006210 0.005690 0.005099 0.004497 0.003918 0.003411 0.003076 0.002777 0.002433 0.001992 0.001446 0.001022 0.000770 0.000532 0.000293 0.000146 0.000062 0.000014 0.000002 0.000000 0.000000 0.000001 0.000017 0.000074 0.000160 0.000243 0.000302 0.000339
0.097692 0.119769 0.151822 0.185656 0.232958 0.283199 0.271936 0.219104 0.135818 0.095844 0.075836 0.055754 0.041908 0.033467 0.027655 0.023571 0.020855 0.018846 0.017415 0.016284 0.015298 0.014350 0.013533 0.012809 0.012094 0.011491 0.010810 0.010088 0.009445 0.008799 0.008219 0.007723 0.007226 0.006801 0.006417 0.006053 0.005758 0.005385 0.004882 0.004238 0.003519 0.002981 0.002661 0.002391 0.002077 0.001632 0.001142 0.000830 0.000621 0.000402 0.000209 0.000103 0.000040 0.000008 0.000000 0.000000 0.000000 0.000002 0.000026 0.000095 0.000192 0.000289 0.000389
