example_output/2023Oct12/DepositFiles/ESRI_ASCII/Run00004.txt
NCOLS   360
NROWS   176
XLLCORNER           0.000
YLLCORNER         -88.000
CELLSIZE           1.000          1.000
NODATA_VALUE  0.000
[rows 28 to 55 of 176, columns 252 to 314 of 360]
0.020847 0.019158 0.018110 0.017294 0.015256 0.011569 0.007362 0.003770 0.002443 0.001755 0.001365 0.001126 0.000976 0.000857 0.000687 0.000505 0.000325 0.000166 0.000108 0.000105 0.000099 0.000094 0.000085 0.000088 0.000120 0.000186 0.000294 0.000422 0.000623 0.000907 0.001110 0.001199 0.001129 0.000905 0.000593 0.000377 0.000268 0.000188 0.000130 0.000090 0.000065 0.000052 0.000047 0.000043 0.000041 0.000039 0.000038 0.000038 0.000037 0.000036 0.000034 0.000031 0.000028 0.000026 0.000025 0.000024 0.000024 0.000024 0.000024 0.000024 0.000024 0.000024 0.000023
0.026780 0.022821 0.019694 0.018111 0.017489 0.015506 0.011259 0.006633 0.003275 0.001912 0.001308 0.001031 0.000881 0.000824 0.000730 0.000661 0.000621 0.000486 0.000384 0.000328 0.000277 0.000259 0.000250 0.000281 0.000335 0.000394 0.000499 0.000641 0.000838 0.001030 0.001103 0.001094 0.000975 0.000732 0.000501 0.000361 0.000278 0.000192 0.000118 0.000074 0.000049 0.000042 0.000039 0.000037 0.000035 0.000033 0.000033 0.000033 0.000032 0.000033 0.000033 0.000032 0.000030 0.000027 0.000024 0.000022 0.000021 0.000020 0.000020 0.000020 0.000019 0.000019 0.000018
0.030790 0.031012 0.026593 0.021658 0.019253 0.017940 0.015795 0.010649 0.005680 0.002816 0.001483 0.001154 0.001212 0.001309 0.001374 0.001252 0.001074 0.000883 0.000702 0.000621 0.000574 0.000571 0.000560 0.000562 0.000589 0.000645 0.000775 0.000907 0.001013 0.001052 0.000995 0.000875 0.000711 0.000542 0.000406 0.000331 0.000288 0.000211 0.000110 0.000055 0.000034 0.000031 0.000029 0.000028 0.000028 0.000027 0.000027 0.000027 0.000026 0.000027 0.000027 0.000027 0.000028 0.000027 0.000025 0.000023 0.000021 0.000020 0.000019 0.000019 0.000019 0.000018 0.000017
0.028564 0.030183 0.032195 0.031260 0.025418 0.020737 0.018310 0.015494 0.009814 0.004975 0.002608 0.001960 0.001835 0.001748 0.001699 0.001542 0.001343 0.001165 0.000965 0.000877 0.000840 0.000882 0.000929 0.000968 0.001009 0.001025 0.001045 0.001026 0.000955 0.000868 0.000738 0.000609 0.000496 0.000401 0.000313 0.000268 0.000260 0.000197 0.000083 0.000033 0.000026 0.000024 0.000022 0.000022 0.000023 0.000026 0.000028 0.000029 0.000029 0.000028 0.000025 0.000023 0.000023 0.000024 0.000025 0.000025 0.000023 0.000022 0.000020 0.000019 0.000018 0.000018 0.000017
0.019298 0.025631 0.030398 0.031812 0.032182 0.028422 0.022247 0.018400 0.014228 0.008596 0.004538 0.002909 0.002597 0.002311 0.002221 0.001758 0.001435 0.001163 0.001033 0.000936 0.000928 0.001024 0.001015 0.000984 0.000977 0.000939 0.000851 0.000727 0.000610 0.000528 0.000463 0.000398 0.000341 0.000291 0.000231 0.000222 0.000232 0.000149 0.000056 0.000028 0.000021 0.000019 0.000017 0.000019 0.000025 0.000035 0.000044 0.000051 0.000056 0.000054 0.000044 0.000031 0.000020 0.000017 0.000018 0.000019 0.000020 0.000020 0.000020 0.000019 0.000018 0.000018 0.000017
0.008658 0.014791 0.022550 0.029398 0.031634 0.032689 0.030719 0.024871 0.018198 0.012957 0.007581 0.004732 0.003634 0.003216 0.002934 0.002203 0.001530 0.001313 0.001163 0.001073 0.001054 0.000979 0.000963 0.000891 0.000767 0.000649 0.000554 0.000475 0.000402 0.000338 0.000294 0.000258 0.000233 0.000211 0.000210 0.000222 0.000183 0.000091 0.000046 0.000027 0.000019 0.000016 0.000015 0.000024 0.000036 0.000055 0.000077 0.000100 0.000117 0.000112 0.000092 0.000063 0.000033 0.000015 0.000012 0.000013 0.000014 0.000015 0.000016 0.000017 0.000017 0.000017 0.000017
0.001227 0.005157 0.012242 0.020296 0.027488 0.031386 0.031769 0.031255 0.025243 0.016980 0.011421 0.007157 0.005038 0.004375 0.003805 0.002997 0.002088 0.001548 0.001379 0.001272 0.001137 0.001070 0.000874 0.000707 0.000576 0.000472 0.000407 0.000339 0.000274 0.000210 0.000174 0.000159 0.000174 0.000204 0.000224 0.000200 0.000122 0.000065 0.000039 0.000023 0.000016 0.000014 0.000017 0.000032 0.000047 0.000088 0.000137 0.000184 0.000210 0.000200 0.000160 0.000109 0.000058 0.000022 0.000010 0.000010 0.000010 0.000011 0.000012 0.000013 0.000015 0.000016 0.000017
0.000007 0.000401 0.003908 0.010652 0.018018 0.024937 0.029898 0.031086 0.030817 0.024476 0.016031 0.010363 0.006991 0.005723 0.004902 0.004260 0.003144 0.002127 0.001801 0.001563 0.001372 0.001019 0.000746 0.000567 0.000459 0.000367 0.000305 0.000236 0.000170 0.000142 0.000145 0.000151 0.000263 0.000247 0.000197 0.000145 0.000092 0.000056 0.000032 0.000018 0.000013 0.000012 0.000019 0.000033 0.000068 0.000145 0.000236 0.000305 0.000332 0.000298 0.000226 0.000149 0.000080 0.000031 0.000010 0.000008 0.000008 0.000008 0.000009 0.000010 0.000012 0.000014 0.000015
0.000000 0.000002 0.000858 0.004590 0.009778 0.016240 0.022775 0.027837 0.030726 0.029913 0.023209 0.015361 0.010129 0.007380 0.006314 0.005721 0.004970 0.003494 0.002401 0.001976 0.001318 0.000910 0.000639 0.000477 0.000374 0.000286 0.000218 0.000160 0.000149 0.000142 0.000278 0.000538 0.000426 0.000208 0.000137 0.000111 0.000081 0.000053 0.000030 0.000016 0.000010 0.000010 0.000017 0.000033 0.000110 0.000258 0.000396 0.000474 0.000469 0.000388 0.000277 0.000177 0.000094 0.000038 0.000011 0.000006 0.000006 0.000007 0.000007 0.000008 0.000009 0.000011 0.000012
0.000000 0.000000 0.000096 0.002095 0.005538 0.009614 0.014800 0.020852 0.026217 0.029480 0.028041 0.021172 0.015116 0.010452 0.008093 0.007384 0.007214 0.005440 0.003264 0.001944 0.001213 0.000795 0.000551 0.000405 0.000300 0.000213 0.000156 0.000142 0.000200 0.001018 0.001745 0.002162 0.000440 0.000158 0.000106 0.000091 0.000074 0.000052 0.000031 0.000016 0.000008 0.000007 0.000016 0.000063 0.000236 0.000464 0.000627 0.000665 0.000598 0.000461 0.000318 0.000199 0.000104 0.000042 0.000012 0.000005 0.000005 0.000006 0.000006 0.000006 0.000007 0.000008 0.000010
0.000000 0.000000 0.000010 0.000636 0.003042 0.005872 0.009257 0.014006 0.019400 0.024856 0.027848 0.025435 0.019968 0.015548 0.011647 0.010004 0.009636 0.008030 0.004596 0.002031 0.001144 0.000698 0.000477 0.000337 0.000235 0.000165 0.000130 0.000201 0.001800 0.006460 0.009648 0.007266 0.001193 0.000167 0.000094 0.000082 0.000070 0.000052 0.000033 0.000017 0.000008 0.000005 0.000025 0.000226 0.000521 0.000788 0.000890 0.000842 0.000696 0.000510 0.000344 0.000206 0.000103 0.000040 0.000011 0.000005 0.000004 0.000005 0.000005 0.000005 0.000006 0.000006 0.000007
0.000000 0.000000 0.000000 0.000165 0.001268 0.003188 0.005563 0.008941 0.013148 0.018268 0.023508 0.025118 0.024147 0.020266 0.016395 0.014191 0.012838 0.010932 0.006835 0.002610 0.001150 0.000620 0.000399 0.000269 0.000192 0.000148 0.000116 0.001252 0.006711 0.015584 0.020614 0.016316 0.004935 0.000356 0.000091 0.000078 0.000067 0.000053 0.000035 0.000020 0.000009 0.000015 0.000240 0.000625 0.000976 0.001142 0.001120 0.000968 0.000752 0.000528 0.000327 0.000178 0.000082 0.000029 0.000007 0.000004 0.000004 0.000004 0.000004 0.000004 0.000004 0.000005 0.000005
0.000000 0.000000 0.000000 0.000049 0.000478 0.001494 0.003046 0.005348 0.008377 0.012409 0.017239 0.021251 0.023040 0.023730 0.020805 0.018038 0.016708 0.014649 0.010460 0.004601 0.001620 0.000624 0.000333 0.000221 0.000166 0.000115 0.000506 0.004051 0.012171 0.022557 0.029377 0.025525 0.011359 0.001131 0.000095 0.000079 0.000068 0.000054 0.000038 0.000023 0.000067 0.000368 0.000847 0.001275 0.001452 0.001427 0.001267 0.001008 0.000712 0.000453 0.000257 0.000127 0.000049 0.000012 0.000003 0.000003 0.000003 0.000003 0.000003 0.000003 0.000003 0.000003 0.000004
0.000000 0.000000 0.000000 0.000004 0.000192 0.000714 0.001534 0.002925 0.004946 0.007948 0.011890 0.016076 0.019713 0.022416 0.023585 0.022459 0.020897 0.018736 0.015028 0.008630 0.003393 0.001158 0.000333 0.000207 0.000156 0.000168 0.001421 0.007102 0.016204 0.025657 0.033187 0.035159 0.022513 0.004201 0.000114 0.000084 0.000071 0.000055 0.000051 0.000227 0.000762 0.001386 0.001809 0.001923 0.001823 0.001580 0.001228 0.000861 0.000546 0.000310 0.000152 0.000056 0.000012 0.000002 0.000002 0.000002 0.000002 0.000003 0.000003 0.000003 0.000003 0.000003 0.000003
0.000000 0.000000 0.000000 0.000000 0.000057 0.000382 0.000834 0.001530 0.002690 0.004633 0.007612 0.011384 0.015595 0.019564 0.022587 0.024760 0.025299 0.023428 0.019958 0.014349 0.008033 0.003378 0.001799 0.001033 0.000687 0.001337 0.004374 0.010527 0.018896 0.026343 0.033997 0.039530 0.034197 0.013794 0.000733 0.000200 0.000250 0.000480 0.001030 0.001735 0.002379 0.002650 0.002618 0.002372 0.001959 0.001475 0.001020 0.000641 0.000360 0.000175 0.000066 0.000015 0.000001 0.000001 0.000001 0.000002 0.000002 0.000002 0.000002 0.000002 0.000002 0.000002 0.000002
0.000000 0.000000 0.000000 0.000000 0.000009 0.000165 0.000523 0.000901 0.001480 0.002542 0.004405 0.007243 0.011394 0.015937 0.020197 0.023886 0.027261 0.028252 0.026006 0.020991 0.014872 0.009650 0.005890 0.004760 0.004872 0.006324 0.009865 0.015398 0.021454 0.026583 0.031797 0.037868 0.037464 0.025948 0.011317 0.005565 0.004192 0.004062 0.004145 0.004143 0.003956 0.003613 0.003062 0.002397 0.001731 0.001155 0.000708 0.000391 0.000185 0.000067 0.000013 0.000000 0.000000 0.000000 0.000000 0.000000 0.000001 0.000001 0.000002 0.000002 0.000002 0.000002 0.000002
0.000000 0.000000 0.000000 0.000000 0.000000 0.000031 0.000259 0.000574 0.000914 0.001451 0.002409 0.004114 0.007240 0.011850 0.016792 0.021561 0.026250 0.029954 0.030860 0.028001 0.022989 0.017689 0.013621 0.011783 0.012414 0.014161 0.016633 0.019642 0.023053 0.025891 0.028922 0.033260 0.033064 0.027315 0.018892 0.013296 0.010286 0.008370 0.007045 0.005983 0.004976 0.003963 0.002948 0.002052 0.001345 0.000813 0.000450 0.000218 0.000078 0.000013 0.000000 0.000000 0.000000 0.000000 0.000000 0.000000 0.000000 0.000000 0.000000 0.000001 0.000001 0.000002 0.000002
0.000000 0.000000 0.000000 0.000000 0.000000 0.000003 0.000074 0.000330 0.000598 0.000930 0.001389 0.002182 0.004002 0.007460 0.012297 0.017720 0.023186 0.028082 0.031646 0.031850 0.029666 0.025944 0.022400 0.020470 0.019887 0.020413 0.020845 0.021097 0.021926 0.022813 0.024047 0.025604 0.025217 0.022018 0.017553 0.013758 0.010934 0.008841 0.007258 0.005884 0.004602 0.003440 0.002436 0.001606 0.000975 0.000548 0.000272 0.000094 0.000013 0.000000 0.000000 0.000000 0.000000 0.000000 0.000000 0.000000 0.000000 0.000000 0.000000 0.000000 0.000000 0.000000 0.000001
0.000000 0.000000 0.000000 0.000000 0.000000 0.000000 0.000007 0.000105 0.000343 0.000626 0.000932 0.001339 0.002124 0.004119 0.007759 0.012649 0.018289 0.023915 0.028466 0.031417 0.032055 0.030996 0.028676 0.026444 0.024599 0.023608 0.022696 0.020985 0.020406 0.020260 0.020489 0.020879 0.019824 0.017407 0.014476 0.011889 0.009762 0.007978 0.006471 0.005100 0.003865 0.002789 0.001857 0.001129 0.000654 0.000333 0.000112 0.000014 0.000000 0.000000 0.000000 0.000000 0.000000 0.000000 0.000000 0.000000 0.000000 0.000000 0.000000 0.000000 0.000000 0.000000 0.000000
0.000000 0.000000 0.000000 0.000000 0.000000 0.000000 0.000000 0.000005 0.000108 0.000345 0.000596 0.000911 0.001355 0.002175 0.004303 0.007961 0.012563 0.018129 0.023568 0.027680 0.030533 0.031706 0.031188 0.029605 0.027490 0.025345 0.022974 0.021110 0.019985 0.018946 0.018293 0.017705 0.016331 0.014387 0.012341 0.010449 0.008754 0.007188 0.005748 0.004449 0.003261 0.002199 0.001353 0.000804 0.000432 0.000150 0.000017 0.000000 0.000000 0.000000 0.000000 0.000000 0.000000 0.000000 0.000000 0.000000 0.000000 0.000000 0.000000 0.000000 0.000000 0.000000 0.000000
0.000000 0.000000 0.000000 0.000000 0.000000 0.000000 0.000000 0.000000 0.000006 0.000133 0.000333 0.000590 0.000958 0.001386 0.002316 0.004466 0.007870 0.012036 0.017086 0.021687 0.025454 0.027714 0.028865 0.028192 0.026204 0.023851 0.021839 0.020089 0.018730 0.017369 0.016154 0.015056 0.013733 0.012190 0.010523 0.008924 0.007392 0.005906 0.004549 0.003342 0.002303 0.001511 0.000951 0.000552 0.000211 0.000026 0.000000 0.000000 0.000000 0.000000 0.000000 0.000000 0.000000 0.000000 0.000000 0.000000 0.000000 0.000000 0.000000 0.000000 0.000000 0.000000 0.000000
0.000000 0.000000 0.000000 0.000000 0.000000 0.000000 0.000000 0.000000 0.000000 0.000019 0.000159 0.000361 0.000659 0.001005 0.001525 0.002541 0.004543 0.007528 0.011097 0.015019 0.018727 0.021446 0.022782 0.023140 0.022332 0.020860 0.019189 0.017596 0.016247 0.015048 0.013967 0.012852 0.011559 0.010073 0.008489 0.006963 0.005516 0.004207 0.003120 0.002248 0.001556 0.001038 0.000638 0.000269 0.000036 0.000000 0.000000 0.000000 0.000000 0.000000 0.000000 0.000000 0.000000 0.000000 0.000000 0.000000 0.000000 0.000000 0.000000 0.000000 0.000000 0.000000 0.000000
0.000000 0.000000 0.000000 0.000000 0.000000 0.000000 0.000000 0.000000 0.000000 0.000000 0.000052 0.000206 0.000441 0.000726 0.001128 0.001719 0.002728 0.004581 0.007072 0.009728 0.012548 0.015030 0.016605 0.017284 0.017093 0.016389 0.015461 0.014427 0.013431 0.012545 0.011634 0.010517 0.009216 0.007771 0.006310 0.005002 0.003859 0.002913 0.002179 0.001593 0.001130 0.000742 0.000344 0.000049 0.000000 0.000000 0.000000 0.000000 0.000000 0.000000 0.000000 0.000000 0.000000 0.000000 0.000000 0.000000 0.000000 0.000000 0.000000 0.000000 0.000000 0.000000 0.000000
0.000000 0.000000 0.000000 0.000000 0.000000 0.000000 0.000000 0.000000 0.000000 0.000000 0.000010 0.000112 0.000291 0.000519 0.000838 0.001282 0.001855 0.002888 0.004458 0.006108 0.007915 0.009621 0.011017 0.011894 0.012132 0.011870 0.011443 0.010885 0.010237 0.009576 0.008741 0.007654 0.006482 0.005318 0.004234 0.003341 0.002608 0.002012 0.001523 0.001099 0.000727 0.000342 0.000061 0.000001 0.000000 0.000000 0.000000 0.000000 0.000000 0.000000 0.000000 0.000000 0.000000 0.000000 0.000000 0.000000 0.000000 0.000000 0.000000 0.000000 0.000000 0.000000 0.000000
0.000000 0.000000 0.000000 0.000000 0.000000 0.000000 0.000000 0.000000 0.000000 0.000000 0.000004 0.000063 0.000197 0.000383 0.000639 0.000976 0.001370 0.002029 0.002977 0.003963 0.005085 0.006172 0.007068 0.007865 0.008363 0.008408 0.008263 0.007897 0.007352 0.006697 0.005897 0.004960 0.004053 0.003252 0.002561 0.002014 0.001563 0.001176 0.000842 0.000543 0.000287 0.000069 0.000003 0.000000 0.000000 0.000000 0.000000 0.000000 0.000000 0.000000 0.000000 0.000000 0.000000 0.000000 0.000000 0.000000 0.000000 0.000000 0.000000 0.000000 0.000000 0.000000 0.000000
0.000000 0.000000 0.000000 0.000000 0.000000 0.000000 0.000000 0.000000 0.000000 0.000000 0.000002 0.000038 0.000139 0.000294 0.000502 0.000755 0.001036 0.001492 0.002119 0.002734 0.003458 0.004168 0.004749 0.005260 0.005656 0.005803 0.005762 0.005476 0.005010 0.004442 0.003814 0.003161 0.002552 0.002014 0.001548 0.001139 0.000802 0.000548 0.000340 0.000163 0.000056 0.000005 0.000000 0.000000 0.000000 0.000000 0.000000 0.000000 0.000000 0.000000 0.000000 0.000000 0.000000 0.000000 0.000000 0.000000 0.000000 0.000000 0.000000 0.000000 0.000000 0.000000 0.000000
0.000000 0.000000 0.000000 0.000000 0.000000 0.000000 0.000000 0.000000 0.000000 0.000000 0.000001 0.000024 0.000096 0.000217 0.000383 0.000573 0.000772 0.001080 0.001494 0.001890 0.002358 0.002815 0.003202 0.003529 0.003763 0.003874 0.003899 0.003744 0.003451 0.003068 0.002637 0.002180 0.001707 0.001265 0.000869 0.000531 0.000304 0.000164 0.000076 0.000022 0.000002 0.000000 0.000000 0.000000 0.000000 0.000000 0.000000 0.000000 0.000000 0.000000 0.000000 0.000000 0.000000 0.000000 0.000000 0.000000 0.000000 0.000000 0.000000 0.000000 0.000000 0.000000 0.000000
0.000000 0.000000 0.000000 0.000000 0.000000 0.000000 0.000000 0.000000 0.000000 0.000000 0.000001 0.000018 0.000067 0.000161 0.000291 0.000437 0.000581 0.000788 0.001057 0.001310 0.001604 0.001895 0.002161 0.002391 0.002549 0.002650 0.002697 0.002636 0.002477 0.002227 0.001906 0.001529 0.001102 0.000706 0.000398 0.000188 0.000078 0.000029 0.000009 0.000002 0.000000 0.000000 0.000000 0.000000 0.000000 0.000000 0.000000 0.000000 0.000000 0.000000 0.000000 0.000000 0.000000 0.000000 0.000000 0.000000 0.000000 0.000000 0.000000 0.000000 0.000000 0.000000 0.000000
