example_output/2023Oct12/DepositFiles/ESRI_ASCII/Run00004.txt
NCOLS   360
NROWS   176
XLLCORNER           0.000
YLLCORNER         -88.000
CELLSIZE           1.000          1.000
NODATA_VALUE  0.000
[rows 0 to 27 of 176, columns 189 to 251 of 360]
0.000000 0.000000 0.000000 0.000000 0.000000 0.000000 0.000000 0.000000 0.000000 0.000000 0.000000 0.000000 0.000000 0.000000 0.000000 0.000000 0.000000 0.000000 0.000000 0.000000 0.000000 0.000000 0.000000 0.000000 0.000000 0.000000 0.000000 0.000000 0.000000 0.000000 0.000000 0.000000 0.000000 0.000000 0.000000 0.000000 0.000000 0.000000 0.000000 0.000000 0.000000 0.000000 0.000000 0.000000 0.000000 0.000000 0.000000 0.000000 0.000000 0.000000 0.000000 0.000000 0.000000 0.000000 0.000000 0.000000 0.000000 0.000000 0.000000 0.000000 0.000000 0.000000 0.000000
0.000000 0.000000 0.000000 0.000000 0.000000 0.000000 0.000000 0.000000 0.000000 0.000000 0.000000 0.000000 0.000000 0.000000 0.000000 0.000000 0.000000 0.000000 0.000000 0.000000 0.000000 0.000000 0.000000 0.000000 0.000000 0.000000 0.000000 0.000000 0.000000 0.000000 0.000000 0.000000 0.000000 0.000000 0.000000 0.000000 0.000000 0.000000 0.000000 0.000000 0.000000 0.000000 0.000000 0.000000 0.000000 0.000000 0.000000 0.000000 0.000000 0.000000 0.000000 0.000000 0.000000 0.000000 0.000000 0.000000 0.000000 0.000000 0.000000 0.000000 0.000000 0.000000 0.000000
0.000000 0.000000 0.000000 0.000000 0.000000 0.000000 0.000000 0.000000 0.000000 0.000000 0.000000 0.000000 0.000000 0.000000 0.000000 0.000000 0.000000 0.000000 0.000000 0.000000 0.000000 0.000000 0.000000 0.000000 0.000000 0.000000 0.000000 0.000000 0.000000 0.000000 0.000000 0.000000 0.000000 0.000000 0.000000 0.000000 0.000000 0.000000 0.000000 0.000000 0.000000 0.000000 0.000000 0.000000 0.000000 0.000000 0.000000 0.000000 0.000000 0.000000 0.000000 0.000000 0.000000 0.000000 0.000000 0.000000 0.000000 0.000000 0.000000 0.000000 0.000000 0.000000 0.000000
0.000000 0.000000 0.000000 0.000000 0.000000 0.000000 0.000000 0.000000 0.000000 0.000000 0.000000 0.000000 0.000000 0.000000 0.000000 0.000000 0.000000 0.000000 0.000000 0.000000 0.000000 0.000000 0.000000 0.000000 0.000000 0.000000 0.000000 0.000000 0.000000 0.000000 0.000000 0.000000 0.000000 0.000000 0.000000 0.000000 0.000000 0.000000 0.000000 0.000000 0.000000 0.000000 0.000000 0.000000 0.000000 0.000000 0.000000 0.000000 0.000000 0.000000 0.000000 0.000000 0.000000 0.000000 0.000000 0.000000 0.000000 0.000000 0.000000 0.000000 0.000000 0.000000 0.000000
0.000000 0.000000 0.000000 0.000000 0.000000 0.000000 0.000000 0.000000 0.000000 0.000000 0.000000 0.000000 0.000000 0.000000 0.000000 0.000000 0.000000 0.000000 0.000000 0.000000 0.000000 0.000000 0.000000 0.000000 0.000000 0.000000 0.000000 0.000000 0.000000 0.000000 0.000000 0.000000 0.000000 0.000000 0.000000 0.000000 0.000000 0.000000 0.000000 0.000000 0.000000 0.000000 0.000000 0.000000 0.000000 0.000000 0.000000 0.000000 0.000000 0.000000 0.000000 0.000000 0.000000 0.000000 0.000000 0.000000 0.000000 0.000000 0.000000 0.000000 0.000000 0.000000 0.000000
0.000000 0.000000 0.000000 0.000000 0.000000 0.000000 0.000000 0.000000 0.000000 0.000000 0.000000 0.000000 0.000000 0.000000 0.000000 0.000000 0.000000 0.000000 0.000000 0.000000 0.000000 0.000000 0.000000 0.000000 0.000000 0.000000 0.000000 0.000000 0.000000 0.000000 0.000000 0.000000 0.000000 0.000000 0.000000 0.000000 0.000000 0.000000 0.000000 0.000000 0.000000 0.000000 0.000000 0.000000 0.000000 0.000000 0.000000 0.000000 0.000000 0.000000 0.000000 0.000000 0.000000 0.000000 0.000000 0.000000 0.000000 0.000000 0.000000 0.000000 0.000000 0.000000 0.000000
0.000000 0.000000 0.000000 0.000000 0.000000 0.000000 0.000000 0.000000 0.000000 0.000000 0.000000 0.000000 0.000000 0.000000 0.000000 0.000000 0.000000 0.000000 0.000000 0.000000 0.000000 0.000000 0.000000 0.000000 0.000000 0.000000 0.000000 0.000000 0.000000 0.000000 0.000000 0.000000 0.000000 0.000000 0.000000 0.000000 0.000000 0.000000 0.000000 0.000000 0.000000 0.000000 0.000000 0.000000 0.000000 0.000000 0.000000 0.000000 0.000000 0.000000 0.000000 0.000000 0.000000 0.000000 0.000000 0.000000 0.000000 0.000000 0.000000 0.000000 0.000000 0.000000 0.000000
0.000000 0.000000 0.000000 0.000000 0.000000 0.000000 0.000000 0.000000 0.000000 0.000000 0.000000 0.000000 0.000000 0.000000 0.000000 0.000000 0.000000 0.000000 0.000000 0.000000 0.000000 0.000000 0.000000 0.000000 0.000000 0.000000 0.000000 0.000000 0.000000 0.000000 0.000000 0.000000 0.000000 0.000000 0.000000 0.000000 0.000000 0.000000 0.000000 0.000000 0.000000 0.000000 0.000000 0.000000 0.000000 0.000000 0.000000 0.000000 0.000000 0.000000 0.000000 0.000000 0.000000 0.000000 0.000000 0.000000 0.000000 0.000000 0.000000 0.000000 0.000000 0.000000 0.000000
0.000000 0.000000 0.000000 0.000000 0.000000 0.000000 0.000000 0.000000 0.000000 0.000000 0.000000 0.000000 0.000000 0.000000 0.000000 0.000000 0.000000 0.000000 0.000000 0.000000 0.000000 0.000000 0.000000 0.000000 0.000000 0.000000 0.000000 0.000000 0.000001 0.000001 0.000002 0.000002 0.000002 0.000002 0.000002 0.000002 0.000002 0.000002 0.000002 0.000002 0.000002 0.000002 0.000001 0.000000 0.000000 0.000000 0.000000 0.000000 0.000000 0.000000 0.000000 0.000000 0.000000 0.000000 0.000000 0.000000 0.000000 0.000000 0.000000 0.000000 0.000000 0.000000 0.000000
0.000000 0.000000 0.000000 0.000000 0.000000 0.000000 0.000000 0.000000 0.000000 0.000000 0.000000 0.000000 0.000000 0.000000 0.000000 0.000000 0.000000 0.000001 0.000002 0.000002 0.000003 0.000004 0.000004 0.000005 0.000006 0.000008 0.000009 0.000010 0.000012 0.000013 0.000015 0.000016 0.000017 0.000018 0.000019 0.000020 0.000021 0.000021 0.000021 0.000021 0.000020 0.000019 0.000017 0.000016 0.000014 0.000012 0.000009 0.000007 0.000005 0.000003 0.000002 0.000001 0.000002 0.000002 0.000003 0.000004 0.000006 0.000007 0.000008 0.000009 0.000010 0.000011 0.000012
0.000000 0.000000 0.000000 0.000000 0.000000 0.000000 0.000000 0.000000 0.000000 0.000000 0.000000 0.000000 0.000001 0.000002 0.000003 0.000005 0.000007 0.000009 0.000011 0.000014 0.000016 0.000019 0.000022 0.000026 0.000029 0.000032 0.000035 0.000038 0.000042 0.000045 0.000049 0.000053 0.000057 0.000061 0.000065 0.000070 0.000075 0.000080 0.000085 0.000090 0.000096 0.000101 0.000108 0.000114 0.000121 0.000128 0.000136 0.000144 0.000153 0.000161 0.000169 0.000177 0.000185 0.000193 0.000201 0.000211 0.000220 0.000230 0.000238 0.000246 0.000253 0.000255 0.000254
0.000000 0.000000 0.000000 0.000000 0.000000 0.000000 0.000000 0.000000 0.000000 0.000002 0.000003 0.000006 0.000009 0.000012 0.000016 0.000021 0.000026 0.000031 0.000036 0.000042 0.000048 0.000055 0.000061 0.000069 0.000077 0.000086 0.000096 0.000107 0.000119 0.000132 0.000145 0.000159 0.000174 0.000190 0.000208 0.000228 0.000253 0.000283 0.000320 0.000363 0.000412 0.000465 0.000519 0.000573 0.000627 0.000681 0.000730 0.000777 0.000817 0.000856 0.000891 0.000919 0.000943 0.000957 0.000967 0.000968 0.000961 0.000947 0.000924 0.000897 0.000864 0.000829 0.000793
0.000000 0.000000 0.000000 0.000000 0.000000 0.000001 0.000003 0.000005 0.000009 0.000013 0.000018 0.000025 0.000032 0.000039 0.000047 0.000056 0.000065 0.000075 0.000085 0.000097 0.000111 0.000127 0.000144 0.000164 0.000187 0.000211 0.000239 0.000269 0.000302 0.000339 0.000382 0.000432 0.000493 0.000572 0.000674 0.000802 0.000946 0.001095 0.001247 0.001400 0.001539 0.001659 0.001761 0.001861 0.001966 0.002060 0.002140 0.002205 0.002241 0.002267 0.002263 0.002244 0.002193 0.002130 0.002056 0.001973 0.001889 0.001797 0.001696 0.001601 0.001502 0.001411 0.001328
0.000000 0.000000 0.000000 0.000002 0.000004 0.000008 0.000013 0.000020 0.000027 0.000035 0.000044 0.000054 0.000063 0.000074 0.000085 0.000098 0.000112 0.000128 0.000147 0.000168 0.000192 0.000219 0.000249 0.000282 0.000320 0.000364 0.000414 0.000473 0.000543 0.000630 0.000749 0.000921 0.001189 0.001539 0.001916 0.002257 0.002553 0.002801 0.003011 0.003207 0.003348 0.003458 0.003571 0.003711 0.003889 0.004064 0.004218 0.004335 0.004389 0.004415 0.004381 0.004272 0.004119 0.003928 0.003720 0.003493 0.003254 0.003012 0.002756 0.002501 0.002258 0.002030 0.001853
0.000000 0.000001 0.000003 0.000006 0.000010 0.000016 0.000023 0.000031 0.000039 0.000048 0.000057 0.000067 0.000078 0.000090 0.000104 0.000119 0.000137 0.000156 0.000178 0.000203 0.000231 0.000262 0.000299 0.000342 0.000393 0.000456 0.000540 0.000721 0.001091 0.001661 0.002418 0.003292 0.004159 0.004851 0.005301 0.005547 0.005731 0.005801 0.005851 0.005936 0.006014 0.006112 0.006266 0.006520 0.006884 0.007261 0.007600 0.007868 0.008008 0.008109 0.008088 0.007947 0.007715 0.007398 0.007032 0.006619 0.006139 0.005645 0.005112 0.004537 0.003978 0.003402 0.002880
0.000001 0.000003 0.000006 0.000011 0.000018 0.000025 0.000033 0.000041 0.000049 0.000059 0.000069 0.000080 0.000092 0.000105 0.000120 0.000137 0.000155 0.000177 0.000200 0.000227 0.000258 0.000297 0.000376 0.000535 0.000876 0.001496 0.002536 0.004048 0.005924 0.007964 0.009942 0.011801 0.013030 0.013737 0.013967 0.013808 0.013451 0.012942 0.012450 0.012036 0.011709 0.011516 0.011508 0.011675 0.012055 0.012449 0.012726 0.012901 0.012895 0.012860 0.012719 0.012447 0.012134 0.011713 0.011273 0.010790 0.010184 0.009550 0.008823 0.008001 0.007131 0.006188 0.005225
0.000002 0.000005 0.000010 0.000016 0.000022 0.000029 0.000036 0.000044 0.000053 0.000062 0.000073 0.000084 0.000096 0.000111 0.000127 0.000148 0.000174 0.000215 0.000288 0.000426 0.000685 0.001193 0.002095 0.003537 0.005497 0.007934 0.010757 0.013805 0.016991 0.020013 0.022364 0.024227 0.025312 0.025642 0.025371 0.024639 0.023707 0.022725 0.021866 0.021114 0.020446 0.019857 0.019374 0.019001 0.018846 0.018710 0.018509 0.018242 0.017834 0.017447 0.017025 0.016514 0.016031 0.015469 0.014933 0.014412 0.013756 0.013066 0.012242 0.011324 0.010361 0.009267 0.008159
0.000003 0.000007 0.000011 0.000016 0.000022 0.000029 0.000036 0.000044 0.000054 0.000066 0.000084 0.000108 0.000147 0.000209 0.000319 0.000501 0.000791 0.001233 0.001870 0.002742 0.003934 0.005466 0.007291 0.009409 0.011854 0.014661 0.017743 0.020859 0.024012 0.027002 0.029785 0.032193 0.034098 0.035325 0.035932 0.035876 0.035143 0.033939 0.032595 0.031201 0.029824 0.028593 0.027574 0.026767 0.026159 0.025525 0.024733 0.023820 0.022732 0.021628 0.020567 0.019503 0.018541 0.017581 0.016726 0.016030 0.015263 0.014539 0.013750 0.012841 0.012028 0.011048 0.010065
0.000003 0.000007 0.000011 0.000016 0.000023 0.000031 0.000045 0.000070 0.000115 0.000192 0.000325 0.000545 0.000881 0.001334 0.001879 0.002518 0.003196 0.003853 0.004568 0.005394 0.006356 0.007471 0.008796 0.010318 0.012030 0.014088 0.016596 0.019377 0.022316 0.025420 0.028778 0.031967 0.034791 0.037209 0.039193 0.040855 0.041833 0.041966 0.041500 0.040371 0.038786 0.036893 0.034964 0.033370 0.031957 0.030362 0.028665 0.027035 0.025507 0.024066 0.022704 0.021325 0.020033 0.018737 0.017544 0.016584 0.015699 0.014927 0.014091 0.013121 0.012260 0.011289 0.010360
0.000003 0.000006 0.000011 0.000018 0.000034 0.000072 0.000154 0.000304 0.000552 0.000909 0.001374 0.001889 0.002364 0.002752 0.003148 0.003477 0.003833 0.004250 0.004680 0.005129 0.005600 0.006088 0.006607 0.007187 0.007858 0.008746 0.010226 0.012419 0.015061 0.017998 0.021101 0.024601 0.027915 0.030756 0.033152 0.035289 0.037227 0.038671 0.039930 0.040642 0.040728 0.040271 0.038985 0.037309 0.034951 0.032417 0.030143 0.028068 0.026379 0.024930 0.023527 0.022173 0.020831 0.019537 0.018282 0.017163 0.016172 0.015368 0.014504 0.013463 0.012567 0.011509 0.010562
0.000002 0.000006 0.000015 0.000048 0.000138 0.000318 0.000594 0.000957 0.001333 0.001667 0.001955 0.002184 0.002400 0.002574 0.002695 0.002763 0.002828 0.002909 0.003011 0.003177 0.003391 0.003668 0.004014 0.004434 0.004948 0.005571 0.006386 0.007768 0.010130 0.012991 0.015742 0.018903 0.022251 0.025285 0.027772 0.029746 0.031425 0.032623 0.033672 0.034416 0.034916 0.035464 0.035710 0.036022 0.035951 0.035122 0.033873 0.031561 0.028863 0.026379 0.024179 0.022539 0.021117 0.019963 0.018941 0.017947 0.017046 0.016250 0.015387 0.014250 0.013165 0.011976 0.010903
0.000002 0.000011 0.000050 0.000170 0.000386 0.000679 0.000970 0.001202 0.001400 0.001596 0.001712 0.001710 0.001607 0.001460 0.001327 0.001262 0.001254 0.001308 0.001436 0.001616 0.001853 0.002145 0.002494 0.002902 0.003372 0.003904 0.004531 0.005388 0.007299 0.010368 0.013533 0.016704 0.020373 0.023973 0.027000 0.029346 0.031109 0.032345 0.033181 0.033490 0.033507 0.033543 0.033269 0.033246 0.033152 0.032729 0.032330 0.031172 0.029748 0.028043 0.025983 0.024372 0.022865 0.021739 0.020764 0.019688 0.018714 0.017769 0.016905 0.015789 0.014518 0.013068 0.011725
0.000004 0.000028 0.000126 0.000313 0.000565 0.000781 0.000961 0.001127 0.001200 0.001150 0.000990 0.000776 0.000584 0.000499 0.000488 0.000580 0.000666 0.000781 0.000921 0.001089 0.001291 0.001536 0.001832 0.002182 0.002587 0.003045 0.003582 0.004283 0.005779 0.008725 0.012259 0.015534 0.019267 0.023031 0.026337 0.028972 0.030912 0.032382 0.033483 0.034111 0.034426 0.034599 0.034263 0.034205 0.034159 0.033779 0.033540 0.032774 0.032066 0.031216 0.029623 0.028035 0.026065 0.024353 0.023010 0.021589 0.020509 0.019497 0.018670 0.017628 0.016282 0.014723 0.013134
0.000009 0.000055 0.000187 0.000385 0.000576 0.000737 0.000854 0.000858 0.000750 0.000563 0.000350 0.000255 0.000258 0.000316 0.000385 0.000480 0.000593 0.000726 0.000885 0.001082 0.001336 0.001665 0.002107 0.002716 0.003541 0.004611 0.005917 0.007501 0.009820 0.012888 0.016262 0.020225 0.024031 0.027224 0.029883 0.032140 0.033785 0.034908 0.035606 0.035955 0.036230 0.036433 0.036245 0.036211 0.036197 0.035998 0.035867 0.035186 0.034520 0.033873 0.032374 0.030716 0.028573 0.026919 0.025605 0.023788 0.022354 0.021044 0.020117 0.019076 0.017684 0.016263 0.014772
0.000011 0.000070 0.000209 0.000377 0.000520 0.000619 0.000633 0.000538 0.000356 0.000180 0.000120 0.000139 0.000176 0.000233 0.000308 0.000401 0.000514 0.000654 0.000853 0.001147 0.001588 0.002249 0.003218 0.004583 0.006402 0.008692 0.011868 0.017138 0.024842 0.032326 0.038365 0.042018 0.044228 0.045342 0.045477 0.045334 0.044857 0.044154 0.043333 0.042389 0.041495 0.040580 0.039434 0.038425 0.037509 0.036704 0.036227 0.035455 0.034801 0.034040 0.032768 0.031718 0.030201 0.028641 0.026810 0.024635 0.023210 0.022018 0.021282 0.020384 0.019091 0.017741 0.016380
0.000009 0.000063 0.000191 0.000333 0.000425 0.000473 0.000420 0.000282 0.000125 0.000061 0.000063 0.000084 0.000118 0.000161 0.000218 0.000290 0.000388 0.000554 0.000895 0.001552 0.002690 0.004377 0.006446 0.008662 0.011329 0.015897 0.024300 0.038659 0.055805 0.068213 0.074564 0.074690 0.071943 0.067413 0.062952 0.060046 0.057847 0.056167 0.054777 0.053368 0.051995 0.050497 0.048572 0.046641 0.044600 0.042544 0.040832 0.038983 0.037607 0.036546 0.035442 0.034583 0.033003 0.031398 0.029523 0.027209 0.025307 0.023772 0.022760 0.021582 0.020095 0.018866 0.017769
0.000005 0.000047 0.000160 0.000273 0.000330 0.000340 0.000256 0.000125 0.000042 0.000030 0.000037 0.000052 0.000075 0.000101 0.000134 0.000177 0.000253 0.000494 0.001204 0.002707 0.005009 0.007719 0.011251 0.016375 0.024499 0.035758 0.050949 0.072260 0.092605 0.101670 0.099285 0.089044 0.077793 0.067077 0.058265 0.052691 0.049451 0.048279 0.048092 0.048231 0.048248 0.047995 0.047183 0.046146 0.045076 0.043932 0.042984 0.041875 0.041029 0.040312 0.039448 0.038672 0.037180 0.035404 0.033195 0.030669 0.028477 0.025938 0.024029 0.022782 0.021280 0.020014 0.018843
0.000002 0.000029 0.000120 0.000214 0.000250 0.000241 0.000154 0.000057 0.000020 0.000017 0.000023 0.000032 0.000045 0.000058 0.000073 0.000095 0.000156 0.000626 0.002797 0.007395 0.015016 0.025295 0.035497 0.045103 0.055564 0.066592 0.079434 0.095337 0.107386 0.106538 0.092936 0.076441 0.059076 0.042662 0.031367 0.025013 0.022429 0.022139 0.022765 0.023946 0.025428 0.027099 0.028836 0.030218 0.031517 0.032602 0.033498 0.034134 0.034641 0.035119 0.035566 0.036071 0.036093 0.036108 0.035895 0.034928 0.033000 0.029462 0.026859 0.025017 0.022950 0.021315 0.020009
