example_output/2023Oct12/DepositFiles/ESRI_ASCII/Run00001.txt
NCOLS   360
NROWS   176
XLLCORNER           0.000
YLLCORNER         -88.000
CELLSIZE           1.000          1.000
NODATA_VALUE  0.000
[rows 28 to 55 of 176, columns 252 to 314 of 360]
0.004089 0.008200 0.013928 0.017305 0.016432 0.013027 0.010506 0.009386 0.009007 0.008669 0.007401 0.005363 0.003421 0.002452 0.001675 0.001012 0.000490 0.000136 0.000061 0.000172 0.000447 0.000868 0.001290 0.001663 0.001905 0.002090 0.002235 0.002315 0.002220 0.001885 0.001149 0.000780 0.000362 0.000026 0.000005 0.000005 0.000006 0.000006 0.000007 0.000008 0.000008 0.000009 0.000010 0.000010 0.000010 0.000010 0.000009 0.000009 0.000008 0.000008 0.000007 0.000006 0.000004 0.000002 0.000000 0.000000 0.000000 0.000000 0.000000 0.000000 0.000000 0.000000 0.000000
0.001118 0.003193 0.008367 0.015159 0.018894 0.018306 0.014046 0.010897 0.009280 0.008665 0.007077 0.004848 0.003147 0.002251 0.001500 0.000884 0.000386 0.000129 0.000149 0.000366 0.000796 0.001277 0.001666 0.001827 0.001877 0.001956 0.002171 0.002423 0.002573 0.002246 0.001373 0.000780 0.000085 0.000008 0.000008 0.000008 0.000009 0.000010 0.000012 0.000013 0.000014 0.000015 0.000015 0.000016 0.000016 0.000016 0.000015 0.000013 0.000011 0.000010 0.000009 0.000008 0.000007 0.000004 0.000000 0.000000 0.000000 0.000000 0.000000 0.000000 0.000000 0.000000 0.000000
0.000171 0.000691 0.002993 0.009607 0.016939 0.019863 0.020298 0.015715 0.010472 0.008735 0.006527 0.004274 0.002788 0.001981 0.001334 0.000802 0.000365 0.000171 0.000266 0.000605 0.001120 0.001553 0.001702 0.001655 0.001688 0.001967 0.002401 0.002897 0.003303 0.002811 0.001583 0.000543 0.000014 0.000012 0.000011 0.000013 0.000014 0.000015 0.000017 0.000018 0.000019 0.000020 0.000021 0.000021 0.000022 0.000022 0.000021 0.000017 0.000014 0.000011 0.000011 0.000010 0.000009 0.000007 0.000002 0.000000 0.000000 0.000000 0.000000 0.000000 0.000000 0.000000 0.000000
0.000020 0.000146 0.000604 0.003771 0.011521 0.018125 0.021736 0.023287 0.017231 0.009321 0.006392 0.003998 0.002432 0.001654 0.001045 0.000575 0.000273 0.000209 0.000387 0.000838 0.001347 0.001649 0.001625 0.001609 0.001844 0.002272 0.002935 0.003766 0.004372 0.003427 0.001874 0.000478 0.000019 0.000016 0.000016 0.000018 0.000019 0.000021 0.000023 0.000024 0.000025 0.000025 0.000025 0.000026 0.000027 0.000028 0.000027 0.000022 0.000017 0.000012 0.000011 0.000011 0.000011 0.000009 0.000005 0.000000 0.000000 0.000000 0.000000 0.000000 0.000000 0.000000 0.000000
0.000005 0.000027 0.000141 0.000909 0.006235 0.013978 0.019962 0.024567 0.025781 0.017696 0.007678 0.003927 0.002202 0.001416 0.000817 0.000387 0.000207 0.000245 0.000483 0.000951 0.001376 0.001568 0.001574 0.001657 0.001985 0.002596 0.003714 0.005091 0.005318 0.004295 0.002348 0.000530 0.000024 0.000021 0.000021 0.000024 0.000026 0.000028 0.000030 0.000031 0.000031 0.000032 0.000033 0.000035 0.000036 0.000038 0.000037 0.000030 0.000022 0.000015 0.000011 0.000010 0.000011 0.000010 0.000008 0.000003 0.000000 0.000000 0.000000 0.000000 0.000000 0.000000 0.000000
0.000004 0.000015 0.000062 0.000242 0.002270 0.009316 0.016628 0.022595 0.026737 0.027690 0.016857 0.007865 0.003292 0.001534 0.000690 0.000289 0.000192 0.000285 0.000540 0.000976 0.001346 0.001539 0.001623 0.001788 0.002264 0.003346 0.005484 0.007178 0.007375 0.005782 0.003265 0.001300 0.000069 0.000028 0.000028 0.000031 0.000034 0.000036 0.000037 0.000039 0.000040 0.000043 0.000046 0.000050 0.000052 0.000054 0.000051 0.000042 0.000032 0.000021 0.000012 0.000009 0.000009 0.000011 0.000009 0.000006 0.000000 0.000000 0.000000 0.000000 0.000000 0.000000 0.000000
0.000004 0.000014 0.000053 0.000185 0.000902 0.005061 0.012423 0.019171 0.024086 0.028161 0.025921 0.016243 0.008293 0.004728 0.002842 0.001620 0.000972 0.000598 0.000583 0.000976 0.001317 0.001542 0.001755 0.002142 0.003153 0.005616 0.009257 0.011513 0.011949 0.009807 0.006205 0.003007 0.000539 0.000074 0.000043 0.000045 0.000048 0.000052 0.000057 0.000064 0.000071 0.000078 0.000084 0.000086 0.000087 0.000085 0.000078 0.000066 0.000050 0.000033 0.000019 0.000010 0.000008 0.000009 0.000011 0.000009 0.000003 0.000000 0.000000 0.000000 0.000000 0.000000 0.000000
0.000004 0.000017 0.000058 0.000181 0.000587 0.002688 0.008860 0.015829 0.021154 0.025908 0.028840 0.025348 0.017451 0.009630 0.005926 0.004179 0.002935 0.001985 0.001222 0.000973 0.001274 0.001572 0.002204 0.003843 0.007737 0.014226 0.020548 0.024283 0.022744 0.018070 0.011483 0.006231 0.002819 0.000196 0.000104 0.000092 0.000107 0.000126 0.000143 0.000159 0.000168 0.000171 0.000172 0.000166 0.000157 0.000149 0.000135 0.000116 0.000093 0.000065 0.000038 0.000019 0.000010 0.000008 0.000010 0.000011 0.000007 0.000001 0.000000 0.000000 0.000000 0.000001 0.000002
0.000006 0.000025 0.000084 0.000230 0.000594 0.001645 0.005613 0.012216 0.017585 0.022752 0.027113 0.029095 0.025932 0.019158 0.013546 0.008981 0.006694 0.004789 0.003698 0.002734 0.001727 0.001756 0.003670 0.010490 0.024623 0.038207 0.047335 0.047180 0.041275 0.033789 0.024363 0.015843 0.008337 0.003040 0.000339 0.000271 0.000284 0.000311 0.000326 0.000332 0.000325 0.000313 0.000303 0.000285 0.000267 0.000250 0.000226 0.000197 0.000164 0.000124 0.000085 0.000049 0.000022 0.000011 0.000010 0.000012 0.000011 0.000004 0.000000 0.000000 0.000001 0.000002 0.000002
0.000014 0.000050 0.000146 0.000344 0.000738 0.001506 0.003575 0.008629 0.013983 0.018773 0.023156 0.026988 0.028840 0.025293 0.021567 0.017802 0.014224 0.010979 0.008817 0.006888 0.005711 0.006458 0.012433 0.029875 0.054805 0.072798 0.076666 0.070831 0.060014 0.048576 0.037426 0.026531 0.018005 0.008984 0.002781 0.000789 0.000669 0.000634 0.000621 0.000602 0.000567 0.000532 0.000506 0.000467 0.000429 0.000396 0.000355 0.000313 0.000268 0.000215 0.000160 0.000108 0.000062 0.000030 0.000013 0.000013 0.000013 0.000010 0.000002 0.000000 0.000001 0.000002 0.000003
0.000046 0.000131 0.000301 0.000595 0.001071 0.001788 0.002958 0.005941 0.010446 0.015004 0.018765 0.022415 0.026298 0.026659 0.025248 0.023674 0.021739 0.019571 0.017545 0.015315 0.014716 0.018877 0.033438 0.062914 0.088887 0.102028 0.098823 0.087731 0.072405 0.058138 0.045513 0.033330 0.025031 0.017252 0.008795 0.003494 0.002059 0.001664 0.001413 0.001245 0.001090 0.000958 0.000864 0.000768 0.000678 0.000604 0.000528 0.000459 0.000397 0.000330 0.000265 0.000197 0.000129 0.000077 0.000037 0.000019 0.000018 0.000015 0.000007 0.000000 0.000000 0.000002 0.000003
0.000247 0.000493 0.000793 0.001197 0.001741 0.002367 0.003256 0.004789 0.007725 0.011655 0.015028 0.018082 0.021769 0.023735 0.024142 0.024655 0.024765 0.024680 0.024956 0.025202 0.028054 0.038232 0.058973 0.087312 0.111827 0.124527 0.119320 0.105553 0.086574 0.069308 0.053193 0.039303 0.030324 0.023410 0.016511 0.009884 0.005662 0.003948 0.002908 0.002252 0.001817 0.001504 0.001285 0.001095 0.000937 0.000813 0.000704 0.000609 0.000530 0.000449 0.000373 0.000297 0.000217 0.000146 0.000088 0.000046 0.000026 0.000024 0.000017 0.000004 0.000000 0.000000 0.000002
0.001454 0.001854 0.002183 0.002554 0.002992 0.003418 0.003943 0.004789 0.006299 0.009218 0.012047 0.014428 0.017456 0.019411 0.020527 0.021944 0.023617 0.024874 0.026637 0.029464 0.036268 0.049086 0.067834 0.092987 0.115268 0.127661 0.124100 0.110488 0.091806 0.072631 0.054035 0.039207 0.030243 0.025030 0.020089 0.014876 0.009949 0.006719 0.005007 0.003744 0.002841 0.002201 0.001765 0.001432 0.001182 0.000995 0.000857 0.000748 0.000654 0.000563 0.000483 0.000397 0.000302 0.000217 0.000146 0.000096 0.000054 0.000034 0.000030 0.000016 0.000002 0.000000 0.000001
0.003786 0.004249 0.004611 0.004844 0.004955 0.005049 0.005089 0.005323 0.006003 0.007740 0.010040 0.011995 0.014288 0.016083 0.016937 0.017975 0.019947 0.022195 0.025248 0.029802 0.037926 0.050516 0.066029 0.084363 0.102085 0.113800 0.113892 0.103879 0.088228 0.072152 0.055645 0.042175 0.032198 0.025386 0.020721 0.016771 0.012929 0.009520 0.007213 0.005562 0.004143 0.003050 0.002302 0.001773 0.001404 0.001145 0.000976 0.000858 0.000754 0.000651 0.000561 0.000471 0.000375 0.000280 0.000196 0.000141 0.000102 0.000059 0.000042 0.000034 0.000014 0.000001 0.000000
0.006092 0.006696 0.007104 0.007274 0.007113 0.006774 0.006347 0.005938 0.005948 0.006810 0.008446 0.010201 0.011986 0.013498 0.014342 0.015094 0.016396 0.018097 0.021064 0.026125 0.034408 0.045623 0.057851 0.070353 0.082268 0.090770 0.093688 0.090197 0.081031 0.069198 0.057038 0.045754 0.036011 0.028380 0.022716 0.018204 0.014309 0.010986 0.008183 0.006286 0.004813 0.003623 0.002762 0.002112 0.001637 0.001299 0.001084 0.000944 0.000823 0.000706 0.000605 0.000506 0.000410 0.000322 0.000240 0.000178 0.000142 0.000103 0.000062 0.000048 0.000034 0.000013 0.000000
0.005728 0.006972 0.007975 0.008848 0.009136 0.008892 0.007980 0.006888 0.006135 0.006318 0.007277 0.008815 0.010412 0.011712 0.012563 0.013238 0.014167 0.015407 0.017807 0.021612 0.028308 0.037263 0.047111 0.055837 0.062545 0.066049 0.068530 0.067345 0.062924 0.056587 0.048337 0.040511 0.033095 0.026743 0.021723 0.017503 0.013941 0.010934 0.008444 0.006412 0.004927 0.003799 0.002965 0.002296 0.001783 0.001416 0.001172 0.001003 0.000858 0.000726 0.000617 0.000517 0.000426 0.000348 0.000276 0.000218 0.000175 0.000133 0.000097 0.000063 0.000046 0.000033 0.000012
0.002388 0.003548 0.005257 0.007436 0.009118 0.010040 0.009768 0.008226 0.006700 0.006176 0.006507 0.007659 0.009202 0.010411 0.011383 0.012146 0.012948 0.013876 0.015727 0.018311 0.023045 0.029842 0.037255 0.043543 0.047839 0.048601 0.048082 0.046375 0.044415 0.041801 0.037300 0.032285 0.027145 0.022501 0.018718 0.015474 0.012642 0.010156 0.007973 0.006150 0.004733 0.003681 0.002890 0.002246 0.001738 0.001373 0.001138 0.000971 0.000827 0.000704 0.000603 0.000507 0.000427 0.000362 0.000306 0.000257 0.000210 0.000157 0.000116 0.000086 0.000062 0.000045 0.000031
0.000629 0.000851 0.001368 0.002935 0.005839 0.008745 0.010666 0.010565 0.008596 0.006918 0.006400 0.006878 0.008170 0.009309 0.010270 0.011150 0.011930 0.012676 0.013981 0.015480 0.018108 0.022099 0.027010 0.031625 0.035053 0.035521 0.035288 0.034037 0.032431 0.030535 0.027801 0.024659 0.021288 0.018123 0.015375 0.012908 0.010674 0.008663 0.006845 0.005374 0.004275 0.003387 0.002651 0.002051 0.001605 0.001308 0.001120 0.000976 0.000850 0.000742 0.000646 0.000554 0.000477 0.000420 0.000368 0.000321 0.000268 0.000206 0.000151 0.000113 0.000086 0.000063 0.000045
0.000154 0.000227 0.000330 0.000510 0.001218 0.003403 0.007085 0.010291 0.010773 0.009219 0.007564 0.007136 0.007701 0.008652 0.009460 0.010210 0.010863 0.011464 0.012320 0.013174 0.014432 0.016015 0.018326 0.021232 0.023988 0.025541 0.025796 0.025397 0.024305 0.022574 0.020240 0.017921 0.015737 0.013716 0.012003 0.010368 0.008718 0.007254 0.005940 0.004826 0.003868 0.003049 0.002385 0.001888 0.001533 0.001311 0.001145 0.001016 0.000907 0.000815 0.000723 0.000635 0.000558 0.000495 0.000436 0.000379 0.000315 0.000245 0.000185 0.000139 0.000105 0.000079 0.000056
0.000058 0.000072 0.000093 0.000143 0.000250 0.000434 0.001616 0.004747 0.007968 0.009248 0.008594 0.007795 0.007756 0.008248 0.008925 0.009450 0.009850 0.010200 0.010631 0.011084 0.011646 0.012281 0.012869 0.013934 0.015522 0.016969 0.017999 0.018040 0.017402 0.016341 0.014897 0.013517 0.012313 0.011258 0.010253 0.009139 0.007968 0.006808 0.005690 0.004682 0.003776 0.002998 0.002391 0.001937 0.001617 0.001402 0.001235 0.001111 0.001010 0.000929 0.000848 0.000760 0.000672 0.000581 0.000494 0.000414 0.000335 0.000260 0.000199 0.000153 0.000120 0.000092 0.000067
0.000019 0.000026 0.000035 0.000049 0.000066 0.000109 0.000255 0.000866 0.002816 0.005251 0.006916 0.007300 0.007469 0.007890 0.008406 0.008836 0.009007 0.009046 0.009131 0.009200 0.009386 0.009638 0.009817 0.010059 0.010300 0.010793 0.011345 0.011626 0.011451 0.011045 0.010438 0.009851 0.009340 0.008862 0.008459 0.007911 0.007127 0.006275 0.005397 0.004557 0.003776 0.003113 0.002599 0.002212 0.001926 0.001693 0.001519 0.001384 0.001276 0.001179 0.001065 0.000941 0.000814 0.000687 0.000567 0.000459 0.000361 0.000276 0.000210 0.000162 0.000128 0.000102 0.000078
0.000004 0.000007 0.000011 0.000017 0.000023 0.000032 0.000055 0.000138 0.000614 0.001993 0.003500 0.004693 0.005774 0.006688 0.007596 0.008413 0.008718 0.008697 0.008528 0.008265 0.008172 0.008142 0.008086 0.008066 0.007966 0.007770 0.007567 0.007329 0.007101 0.006874 0.006600 0.006291 0.006001 0.005816 0.005716 0.005651 0.005494 0.005160 0.004681 0.004200 0.003785 0.003380 0.003000 0.002652 0.002345 0.002081 0.001860 0.001668 0.001492 0.001319 0.001129 0.000928 0.000741 0.000578 0.000450 0.000365 0.000294 0.000237 0.000191 0.000153 0.000125 0.000102 0.000081
0.000000 0.000000 0.000003 0.000005 0.000008 0.000012 0.000017 0.000032 0.000082 0.000446 0.001471 0.002448 0.003282 0.004372 0.005600 0.006945 0.007893 0.008289 0.008265 0.007970 0.007610 0.007321 0.007055 0.006805 0.006473 0.006046 0.005589 0.005084 0.004606 0.004205 0.003813 0.003494 0.003176 0.002998 0.002955 0.003009 0.003156 0.003360 0.003474 0.003438 0.003264 0.002991 0.002698 0.002417 0.002145 0.001892 0.001660 0.001441 0.001221 0.000994 0.000767 0.000557 0.000392 0.000272 0.000196 0.000160 0.000139 0.000131 0.000126 0.000118 0.000107 0.000094 0.000079
0.000000 0.000000 0.000000 0.000000 0.000002 0.000004 0.000006 0.000010 0.000025 0.000045 0.000308 0.000998 0.001777 0.002461 0.003464 0.004868 0.006349 0.007165 0.007530 0.007430 0.007086 0.006684 0.006243 0.005804 0.005313 0.004771 0.004254 0.003752 0.003308 0.002925 0.002574 0.002289 0.002056 0.001869 0.001732 0.001677 0.001708 0.001856 0.001927 0.001970 0.001958 0.001861 0.001725 0.001570 0.001398 0.001232 0.001068 0.000906 0.000741 0.000573 0.000410 0.000276 0.000183 0.000121 0.000086 0.000069 0.000058 0.000055 0.000059 0.000066 0.000073 0.000075 0.000071
0.000000 0.000000 0.000000 0.000000 0.000000 0.000001 0.000002 0.000004 0.000010 0.000017 0.000023 0.000182 0.000664 0.001254 0.001884 0.002946 0.004457 0.005792 0.006516 0.006763 0.006642 0.006294 0.005818 0.005292 0.004721 0.004150 0.003662 0.003198 0.002804 0.002472 0.002180 0.001946 0.001746 0.001578 0.001440 0.001321 0.001220 0.001117 0.001024 0.000947 0.000893 0.000837 0.000782 0.000724 0.000660 0.000601 0.000537 0.000463 0.000381 0.000296 0.000221 0.000164 0.000122 0.000093 0.000077 0.000067 0.000059 0.000054 0.000049 0.000046 0.000046 0.000048 0.000051
0.000000 0.000000 0.000000 0.000000 0.000000 0.000000 0.000000 0.000001 0.000004 0.000007 0.000010 0.000012 0.000104 0.000417 0.000894 0.001556 0.002666 0.004038 0.005169 0.005747 0.005854 0.005684 0.005340 0.004903 0.004383 0.003859 0.003400 0.002968 0.002609 0.002310 0.002048 0.001836 0.001649 0.001487 0.001346 0.001221 0.001113 0.001010 0.000915 0.000820 0.000728 0.000642 0.000559 0.000487 0.000426 0.000376 0.000334 0.000290 0.000245 0.000202 0.000163 0.000131 0.000107 0.000092 0.000085 0.000079 0.000075 0.000071 0.000065 0.000058 0.000052 0.000047 0.000043
0.000000 0.000000 0.000000 0.000000 0.000000 0.000000 0.000000 0.000000 0.000000 0.000002 0.000005 0.000006 0.000007 0.000048 0.000223 0.000652 0.001381 0.002424 0.003579 0.004431 0.004831 0.004848 0.004641 0.004335 0.003940 0.003534 0.003167 0.002813 0.002515 0.002257 0.002021 0.001819 0.001632 0.001466 0.001320 0.001195 0.001089 0.000986 0.000890 0.000792 0.000696 0.000606 0.000524 0.000455 0.000396 0.000346 0.000300 0.000255 0.000214 0.000177 0.000148 0.000127 0.000113 0.000106 0.000104 0.000102 0.000101 0.000099 0.000093 0.000084 0.000072 0.000061 0.000051
0.000000 0.000000 0.000000 0.000000 0.000000 0.000000 0.000000 0.000000 0.000000 0.000000 0.000001 0.000002 0.000003 0.000004 0.000011 0.000105 0.000463 0.001184 0.002071 0.002979 0.003601 0.003873 0.003878 0.003725 0.003454 0.003158 0.002881 0.002601 0.002361 0.002145 0.001942 0.001757 0.001579 0.001419 0.001274 0.001147 0.001037 0.000930 0.000830 0.000730 0.000635 0.000549 0.000473 0.000408 0.000352 0.000303 0.000260 0.000220 0.000188 0.000163 0.000144 0.000134 0.000129 0.000126 0.000125 0.000124 0.000120 0.000114 0.000104 0.000092 0.000079 0.000065 0.000053
