example_output/2023Oct12/DepositFiles/ESRI_ASCII/Run00001.txt
NCOLS   360
NROWS   176
XLLCORNER           0.000
YLLCORNER         -88.000
CELLSIZE           1.000          1.000
NODATA_VALUE  0.000
[rows 0 to 27 of 176, columns 252 to 314 of 360]
0.000000 0.000000 0.000000 0.000000 0.000000 0.000000 0.000000 0.000000 0.000000 0.000000 0.000000 0.000000 0.000000 0.000000 0.000000 0.000000 0.000000 0.000000 0.000000 0.000000 0.000000 0.000000 0.000000 0.000000 0.000000 0.000000 0.000000 0.000000 0.000000 0.000000 0.000000 0.000000 0.000000 0.000000 0.000000 0.000000 0.000000 0.000000 0.000000 0.000000 0.000000 0.000000 0.000000 0.000000 0.000000 0.000000 0.000000 0.000000 0.000000 0.000000 0.000000 0.000000 0.000000 0.000000 0.000000 0.000000 0.000000 0.000000 0.000000 0.000000 0.000000 0.000000 0.000000
0.000000 0.000000 0.000000 0.000000 0.000000 0.000000 0.000000 0.000000 0.000000 0.000000 0.000000 0.000000 0.000000 0.000000 0.000000 0.000000 0.000000 0.000000 0.000000 0.000000 0.000000 0.000000 0.000000 0.000000 0.000000 0.000000 0.000000 0.000000 0.000000 0.000000 0.000000 0.000000 0.000000 0.000000 0.000000 0.000000 0.000000 0.000000 0.000000 0.000000 0.000000 0.000000 0.000000 0.000000 0.000000 0.000000 0.000000 0.000000 0.000000 0.000000 0.000000 0.000000 0.000000 0.000000 0.000000 0.000000 0.000000 0.000000 0.000000 0.000000 0.000000 0.000000 0.000000
0.000000 0.000000 0.000000 0.000000 0.000000 0.000000 0.000000 0.000000 0.000000 0.000000 0.000000 0.000000 0.000000 0.000000 0.000000 0.000000 0.000000 0.000000 0.000000 0.000000 0.000000 0.000000 0.000000 0.000000 0.000000 0.000000 0.000000 0.000000 0.000000 0.000000 0.000000 0.000000 0.000000 0.000000 0.000000 0.000000 0.000000 0.000000 0.000000 0.000000 0.000000 0.000000 0.000000 0.000000 0.000000 0.000000 0.000000 0.000000 0.000000 0.000000 0.000000 0.000000 0.000000 0.000000 0.000000 0.000000 0.000000 0.000000 0.000000 0.000000 0.000000 0.000000 0.000000
0.000000 0.000000 0.000000 0.000000 0.000000 0.000000 0.000000 0.000000 0.000000 0.000000 0.000000 0.000000 0.000000 0.000000 0.000000 0.000000 0.000000 0.000000 0.000000 0.000000 0.000000 0.000000 0.000000 0.000000 0.000000 0.000000 0.000000 0.000000 0.000000 0.000000 0.000000 0.000000 0.000000 0.000000 0.000000 0.000000 0.000000 0.000000 0.000000 0.000000 0.000000 0.000000 0.000000 0.000000 0.000000 0.000000 0.000000 0.000000 0.000000 0.000000 0.000000 0.000000 0.000000 0.000000 0.000000 0.000000 0.000000 0.000000 0.000000 0.000000 0.000000 0.000000 0.000000
0.000002 0.000001 0.000001 0.000000 0.000000 0.000000 0.000000 0.000000 0.000000 0.000000 0.000000 0.000000 0.000000 0.000000 0.000000 0.000000 0.000000 0.000000 0.000000 0.000000 0.000000 0.000000 0.000000 0.000000 0.000000 0.000000 0.000000 0.000000 0.000000 0.000000 0.000000 0.000000 0.000000 0.000000 0.000000 0.000000 0.000000 0.000000 0.000000 0.000000 0.000000 0.000000 0.000000 0.000000 0.000000 0.000000 0.000000 0.000000 0.000000 0.000000 0.000000 0.000000 0.000000 0.000000 0.000000 0.000000 0.000000 0.000000 0.000000 0.000000 0.000000 0.000000 0.000000
0.000007 0.000006 0.000005 0.000004 0.000003 0.000002 0.000002 0.000001 0.000001 0.000000 0.000000 0.000000 0.000000 0.000000 0.000000 0.000000 0.000000 0.000000 0.000000 0.000000 0.000000 0.000000 0.000000 0.000000 0.000000 0.000000 0.000000 0.000000 0.000000 0.000000 0.000000 0.000000 0.000000 0.000000 0.000000 0.000000 0.000000 0.000000 0.000000 0.000000 0.000000 0.000000 0.000000 0.000000 0.000001 0.000001 0.000002 0.000002 0.000002 0.000003 0.000003 0.000003 0.000003 0.000003 0.000004 0.000004 0.000004 0.000004 0.000004 0.000004 0.000004 0.000004 0.000004
0.000014 0.000012 0.000011 0.000009 0.000008 0.000007 0.000006 0.000005 0.000004 0.000003 0.000003 0.000002 0.000002 0.000001 0.000001 0.000001 0.000000 0.000000 0.000000 0.000000 0.000000 0.000000 0.000000 0.000000 0.000000 0.000000 0.000000 0.000000 0.000000 0.000000 0.000000 0.000000 0.000000 0.000000 0.000000 0.000000 0.000000 0.000000 0.000001 0.000002 0.000003 0.000005 0.000007 0.000008 0.000009 0.000009 0.000010 0.000011 0.000011 0.000012 0.000012 0.000013 0.000013 0.000013 0.000014 0.000014 0.000014 0.000014 0.000014 0.000014 0.000014 0.000014 0.000014
0.000030 0.000021 0.000016 0.000013 0.000011 0.000009 0.000008 0.000007 0.000006 0.000005 0.000004 0.000003 0.000003 0.000002 0.000002 0.000002 0.000001 0.000001 0.000001 0.000000 0.000000 0.000000 0.000000 0.000000 0.000000 0.000000 0.000000 0.000000 0.000000 0.000000 0.000000 0.000000 0.000000 0.000001 0.000002 0.000002 0.000003 0.000004 0.000007 0.000010 0.000012 0.000015 0.000017 0.000018 0.000020 0.000021 0.000022 0.000024 0.000025 0.000026 0.000026 0.000027 0.000027 0.000027 0.000027 0.000027 0.000026 0.000026 0.000025 0.000025 0.000024 0.000023 0.000023
0.000213 0.000168 0.000128 0.000092 0.000063 0.000041 0.000027 0.000018 0.000012 0.000008 0.000006 0.000005 0.000004 0.000003 0.000003 0.000002 0.000002 0.000002 0.000001 0.000001 0.000001 0.000000 0.000000 0.000000 0.000000 0.000000 0.000000 0.000000 0.000000 0.000000 0.000001 0.000001 0.000002 0.000003 0.000004 0.000005 0.000007 0.000011 0.000016 0.000022 0.000028 0.000033 0.000037 0.000041 0.000045 0.000048 0.000051 0.000054 0.000055 0.000057 0.000057 0.000057 0.000058 0.000059 0.000059 0.000060 0.000060 0.000059 0.000059 0.000058 0.000057 0.000055 0.000053
0.000551 0.000479 0.000421 0.000362 0.000308 0.000255 0.000202 0.000157 0.000120 0.000092 0.000071 0.000053 0.000040 0.000029 0.000022 0.000016 0.000012 0.000010 0.000008 0.000006 0.000005 0.000003 0.000002 0.000001 0.000000 0.000000 0.000000 0.000000 0.000000 0.000000 0.000001 0.000002 0.000003 0.000004 0.000006 0.000010 0.000014 0.000021 0.000032 0.000044 0.000055 0.000064 0.000071 0.000078 0.000084 0.000088 0.000093 0.000098 0.000101 0.000106 0.000107 0.000107 0.000111 0.000113 0.000115 0.000116 0.000117 0.000117 0.000117 0.000116 0.000114 0.000112 0.000108
0.000805 0.000714 0.000644 0.000578 0.000518 0.000465 0.000409 0.000355 0.000303 0.000254 0.000213 0.000179 0.000152 0.000131 0.000113 0.000097 0.000082 0.000070 0.000059 0.000050 0.000041 0.000033 0.000026 0.000019 0.000013 0.000007 0.000003 0.000000 0.000000 0.000000 0.000000 0.000002 0.000003 0.000006 0.000010 0.000014 0.000020 0.000030 0.000049 0.000072 0.000086 0.000095 0.000103 0.000112 0.000121 0.000128 0.000136 0.000144 0.000151 0.000160 0.000164 0.000168 0.000177 0.000182 0.000188 0.000192 0.000193 0.000194 0.000193 0.000192 0.000189 0.000185 0.000180
0.000953 0.000839 0.000753 0.000676 0.000612 0.000557 0.000502 0.000451 0.000399 0.000348 0.000299 0.000254 0.000217 0.000189 0.000167 0.000149 0.000132 0.000117 0.000103 0.000090 0.000079 0.000069 0.000060 0.000053 0.000046 0.000038 0.000029 0.000017 0.000007 0.000001 0.000000 0.000000 0.000002 0.000004 0.000007 0.000012 0.000018 0.000034 0.000069 0.000103 0.000111 0.000116 0.000127 0.000138 0.000157 0.000175 0.000197 0.000217 0.000231 0.000245 0.000252 0.000259 0.000268 0.000269 0.000270 0.000265 0.000255 0.000246 0.000236 0.000227 0.000219 0.000211 0.000206
0.001152 0.000988 0.000867 0.000762 0.000680 0.000615 0.000551 0.000495 0.000441 0.000390 0.000340 0.000292 0.000249 0.000214 0.000187 0.000166 0.000148 0.000132 0.000116 0.000102 0.000088 0.000077 0.000069 0.000063 0.000058 0.000054 0.000049 0.000042 0.000032 0.000019 0.000006 0.000000 0.000000 0.000001 0.000004 0.000008 0.000017 0.000049 0.000093 0.000121 0.000122 0.000120 0.000151 0.000193 0.000233 0.000264 0.000295 0.000321 0.000334 0.000342 0.000338 0.000333 0.000324 0.000303 0.000288 0.000268 0.000251 0.000240 0.000229 0.000220 0.000212 0.000205 0.000200
0.001481 0.001228 0.001040 0.000881 0.000769 0.000685 0.000606 0.000542 0.000485 0.000431 0.000382 0.000334 0.000287 0.000244 0.000208 0.000179 0.000155 0.000134 0.000116 0.000099 0.000084 0.000072 0.000062 0.000056 0.000053 0.000051 0.000050 0.000047 0.000041 0.000032 0.000020 0.000008 0.000000 0.000000 0.000000 0.000004 0.000029 0.000067 0.000094 0.000106 0.000106 0.000134 0.000201 0.000274 0.000337 0.000375 0.000405 0.000422 0.000423 0.000416 0.000389 0.000360 0.000335 0.000302 0.000283 0.000261 0.000237 0.000217 0.000197 0.000180 0.000167 0.000155 0.000146
0.002063 0.001686 0.001386 0.001118 0.000941 0.000811 0.000697 0.000615 0.000545 0.000486 0.000437 0.000390 0.000342 0.000293 0.000247 0.000208 0.000175 0.000147 0.000123 0.000102 0.000084 0.000070 0.000059 0.000052 0.000048 0.000046 0.000045 0.000044 0.000040 0.000035 0.000026 0.000017 0.000007 0.000001 0.000002 0.000023 0.000051 0.000067 0.000068 0.000075 0.000104 0.000171 0.000275 0.000378 0.000462 0.000506 0.000529 0.000533 0.000512 0.000482 0.000434 0.000389 0.000353 0.000307 0.000269 0.000231 0.000202 0.000181 0.000161 0.000145 0.000130 0.000117 0.000107
0.002940 0.002435 0.002011 0.001569 0.001268 0.001045 0.000854 0.000727 0.000628 0.000554 0.000497 0.000448 0.000401 0.000352 0.000301 0.000253 0.000209 0.000171 0.000138 0.000109 0.000087 0.000070 0.000059 0.000052 0.000047 0.000044 0.000042 0.000040 0.000038 0.000033 0.000028 0.000020 0.000014 0.000008 0.000024 0.000049 0.000063 0.000056 0.000051 0.000065 0.000115 0.000212 0.000348 0.000479 0.000589 0.000651 0.000679 0.000671 0.000625 0.000571 0.000497 0.000430 0.000370 0.000308 0.000265 0.000226 0.000196 0.000174 0.000153 0.000136 0.000122 0.000107 0.000095
0.004124 0.003520 0.003000 0.002375 0.001886 0.001503 0.001158 0.000934 0.000770 0.000655 0.000576 0.000516 0.000468 0.000421 0.000371 0.000317 0.000259 0.000205 0.000156 0.000117 0.000090 0.000073 0.000061 0.000054 0.000049 0.000044 0.000041 0.000037 0.000033 0.000028 0.000023 0.000017 0.000013 0.000025 0.000042 0.000050 0.000051 0.000053 0.000062 0.000083 0.000129 0.000222 0.000357 0.000499 0.000650 0.000765 0.000833 0.000846 0.000791 0.000703 0.000586 0.000479 0.000404 0.000338 0.000291 0.000249 0.000215 0.000192 0.000170 0.000152 0.000136 0.000121 0.000107
0.005427 0.004828 0.004286 0.003575 0.002891 0.002308 0.001726 0.001328 0.001037 0.000834 0.000702 0.000611 0.000547 0.000496 0.000445 0.000386 0.000316 0.000245 0.000179 0.000127 0.000095 0.000077 0.000065 0.000057 0.000051 0.000045 0.000039 0.000034 0.000029 0.000023 0.000018 0.000014 0.000018 0.000033 0.000039 0.000038 0.000043 0.000057 0.000078 0.000108 0.000157 0.000239 0.000350 0.000483 0.000662 0.000848 0.001010 0.001082 0.001012 0.000885 0.000690 0.000535 0.000440 0.000362 0.000305 0.000256 0.000219 0.000195 0.000172 0.000153 0.000137 0.000123 0.000112
0.006931 0.006355 0.005826 0.005125 0.004323 0.003557 0.002698 0.002023 0.001511 0.001147 0.000914 0.000757 0.000654 0.000584 0.000530 0.000467 0.000384 0.000295 0.000209 0.000140 0.000102 0.000084 0.000072 0.000063 0.000054 0.000045 0.000037 0.000030 0.000023 0.000018 0.000013 0.000011 0.000023 0.000035 0.000034 0.000034 0.000053 0.000080 0.000112 0.000148 0.000200 0.000258 0.000345 0.000495 0.000704 0.001002 0.001302 0.001385 0.001235 0.000994 0.000716 0.000514 0.000386 0.000300 0.000248 0.000206 0.000176 0.000155 0.000139 0.000127 0.000118 0.000111 0.000104
0.008957 0.008394 0.007845 0.007100 0.006189 0.005273 0.004206 0.003193 0.002332 0.001686 0.001277 0.001004 0.000827 0.000716 0.000641 0.000566 0.000464 0.000352 0.000238 0.000149 0.000109 0.000091 0.000078 0.000065 0.000052 0.000041 0.000031 0.000023 0.000016 0.000012 0.000008 0.000011 0.000023 0.000030 0.000039 0.000052 0.000086 0.000125 0.000160 0.000182 0.000196 0.000225 0.000351 0.000585 0.000971 0.001398 0.001646 0.001568 0.001226 0.000785 0.000447 0.000270 0.000180 0.000131 0.000104 0.000083 0.000070 0.000063 0.000059 0.000057 0.000057 0.000059 0.000061
0.010760 0.010369 0.010062 0.009472 0.008502 0.007405 0.006147 0.004900 0.003679 0.002587 0.001860 0.001412 0.001109 0.000911 0.000783 0.000677 0.000547 0.000404 0.000257 0.000154 0.000115 0.000093 0.000071 0.000051 0.000036 0.000025 0.000018 0.000013 0.000009 0.000007 0.000005 0.000003 0.000014 0.000037 0.000056 0.000097 0.000139 0.000154 0.000134 0.000120 0.000119 0.000254 0.000512 0.000939 0.001506 0.001844 0.001713 0.001294 0.000763 0.000354 0.000115 0.000059 0.000038 0.000026 0.000019 0.000015 0.000013 0.000012 0.000011 0.000012 0.000013 0.000015 0.000019
0.011736 0.011553 0.011525 0.011256 0.010540 0.009577 0.008275 0.006852 0.005416 0.003992 0.002782 0.002013 0.001528 0.001195 0.000976 0.000812 0.000642 0.000457 0.000270 0.000156 0.000114 0.000078 0.000046 0.000025 0.000014 0.000009 0.000007 0.000006 0.000004 0.000003 0.000003 0.000011 0.000040 0.000085 0.000117 0.000117 0.000100 0.000051 0.000072 0.000237 0.000552 0.001055 0.001529 0.001711 0.001500 0.001045 0.000541 0.000188 0.000043 0.000023 0.000013 0.000008 0.000004 0.000003 0.000002 0.000002 0.000001 0.000001 0.000002 0.000002 0.000002 0.000002 0.000003
0.011951 0.011962 0.012153 0.012064 0.011665 0.011160 0.010247 0.008976 0.007445 0.005800 0.004231 0.002925 0.002099 0.001591 0.001241 0.000987 0.000754 0.000507 0.000264 0.000137 0.000076 0.000035 0.000015 0.000008 0.000005 0.000004 0.000003 0.000002 0.000002 0.000003 0.000011 0.000027 0.000044 0.000052 0.000048 0.000075 0.000171 0.000406 0.000771 0.001130 0.001373 0.001400 0.001234 0.000845 0.000451 0.000176 0.000060 0.000023 0.000012 0.000006 0.000003 0.000002 0.000000 0.000000 0.000000 0.000000 0.000000 0.000000 0.000000 0.000000 0.000000 0.000000 0.000001
0.011973 0.012207 0.012399 0.011986 0.011529 0.011303 0.010909 0.010278 0.009180 0.007548 0.005710 0.004021 0.002781 0.002060 0.001561 0.001186 0.000864 0.000519 0.000211 0.000075 0.000022 0.000007 0.000004 0.000002 0.000002 0.000001 0.000001 0.000002 0.000003 0.000005 0.000013 0.000037 0.000130 0.000338 0.000559 0.000699 0.000873 0.001092 0.001254 0.001201 0.000965 0.000669 0.000363 0.000150 0.000056 0.000023 0.000011 0.000006 0.000003 0.000001 0.000000 0.000000 0.000000 0.000000 0.000000 0.000000 0.000000 0.000000 0.000000 0.000000 0.000000 0.000000 0.000000
0.011581 0.012258 0.012508 0.011707 0.010981 0.010527 0.010333 0.010348 0.009970 0.008821 0.006984 0.004982 0.003385 0.002480 0.001886 0.001394 0.000935 0.000476 0.000120 0.000015 0.000003 0.000003 0.000002 0.000002 0.000001 0.000001 0.000011 0.000050 0.000134 0.000307 0.000586 0.000767 0.000819 0.000940 0.001070 0.001181 0.001152 0.000981 0.000746 0.000472 0.000247 0.000109 0.000043 0.000020 0.000010 0.000005 0.000002 0.000001 0.000000 0.000000 0.000000 0.000000 0.000000 0.000000 0.000000 0.000000 0.000000 0.000000 0.000000 0.000000 0.000000 0.000000 0.000000
0.011165 0.012320 0.012510 0.011861 0.010827 0.009850 0.009413 0.009759 0.010020 0.009391 0.008046 0.005950 0.004017 0.002854 0.002134 0.001504 0.000907 0.000363 0.000035 0.000003 0.000003 0.000003 0.000010 0.000037 0.000121 0.000264 0.000487 0.000772 0.001108 0.001463 0.001462 0.001424 0.001347 0.001207 0.001007 0.000775 0.000538 0.000348 0.000190 0.000088 0.000040 0.000018 0.000009 0.000005 0.000003 0.000002 0.000002 0.000002 0.000001 0.000000 0.000000 0.000000 0.000000 0.000000 0.000000 0.000000 0.000000 0.000000 0.000000 0.000000 0.000000 0.000000 0.000000
0.010978 0.013081 0.013701 0.012810 0.011531 0.010131 0.009171 0.009298 0.009766 0.009408 0.008189 0.006072 0.003994 0.002817 0.002059 0.001376 0.000781 0.000265 0.000013 0.000003 0.000013 0.000061 0.000183 0.000408 0.000717 0.001039 0.001365 0.001724 0.002086 0.002213 0.001844 0.001386 0.001000 0.000646 0.000439 0.000282 0.000164 0.000083 0.000035 0.000014 0.000007 0.000005 0.000004 0.000004 0.000004 0.000004 0.000004 0.000004 0.000003 0.000003 0.000002 0.000000 0.000000 0.000000 0.000000 0.000000 0.000000 0.000000 0.000000 0.000000 0.000000 0.000000 0.000000
0.008465 0.012642 0.015375 0.014840 0.012904 0.010872 0.009373 0.009026 0.009369 0.009180 0.007903 0.005851 0.003757 0.002648 0.001884 0.001217 0.000653 0.000190 0.000015 0.000041 0.000135 0.000364 0.000717 0.001094 0.001463 0.001754 0.002105 0.002369 0.002442 0.002082 0.001347 0.000873 0.000536 0.000292 0.000140 0.000060 0.000026 0.000010 0.000006 0.000005 0.000005 0.000005 0.000006 0.000006 0.000006 0.000006 0.000006 0.000006 0.000006 0.000005 0.000004 0.000003 0.000001 0.000000 0.000000 0.000000 0.000000 0.000000 0.000000 0.000000 0.000000 0.000000 0.000000
