example_output/2023Oct12/DepositFiles/ESRI_ASCII/Run00004.txt
NCOLS   360
NROWS   176
XLLCORNER           0.000
YLLCORNER         -88.000
CELLSIZE           1.000          1.000
NODATA_VALUE  0.000
[rows 0 to 27 of 176, columns 252 to 314 of 360]
0.000000 0.000000 0.000000 0.000000 0.000000 0.000000 0.000000 0.000000 0.000000 0.000000 0.000000 0.000000 0.000000 0.000000 0.000000 0.000000 0.000000 0.000000 0.000000 0.000000 0.000000 0.000000 0.000000 0.000000 0.000000 0.000000 0.000000 0.000000 0.000000 0.000000 0.000000 0.000000 0.000000 0.000000 0.000000 0.000000 0.000000 0.000000 0.000000 0.000000 0.000000 0.000000 0.000000 0.000000 0.000000 0.000000 0.000000 0.000000 0.000000 0.000000 0.000000 0.000000 0.000000 0.000000 0.000000 0.000000 0.000000 0.000000 0.000000 0.000000 0.000000 0.000000 0.000000
0.000000 0.000000 0.000000 0.000000 0.000000 0.000000 0.000000 0.000000 0.000000 0.000000 0.000000 0.000000 0.000000 0.000000 0.000000 0.000000 0.000000 0.000000 0.000000 0.000000 0.000000 0.000000 0.000000 0.000000 0.000000 0.000000 0.000000 0.000000 0.000000 0.000000 0.000000 0.000000 0.000000 0.000000 0.000000 0.000000 0.000000 0.000000 0.000000 0.000000 0.000000 0.000000 0.000000 0.000000 0.000000 0.000000 0.000000 0.000000 0.000000 0.000000 0.000000 0.000000 0.000000 0.000000 0.000000 0.000000 0.000000 0.000000 0.000000 0.000000 0.000000 0.000000 0.000000
0.000000 0.000000 0.000000 0.000000 0.000000 0.000000 0.000000 0.000000 0.000000 0.000000 0.000000 0.000000 0.000000 0.000000 0.000000 0.000000 0.000000 0.000000 0.000000 0.000000 0.000000 0.000000 0.000000 0.000000 0.000000 0.000000 0.000000 0.000000 0.000000 0.000000 0.000000 0.000000 0.000000 0.000000 0.000000 0.000000 0.000000 0.000000 0.000000 0.000000 0.000000 0.000000 0.000000 0.000000 0.000000 0.000000 0.000000 0.000000 0.000000 0.000000 0.000000 0.000000 0.000000 0.000000 0.000000 0.000000 0.000000 0.000000 0.000000 0.000000 0.000000 0.000000 0.000000
0.000000 0.000000 0.000000 0.000000 0.000000 0.000000 0.000000 0.000000 0.000000 0.000000 0.000000 0.000000 0.000000 0.000000 0.000000 0.000000 0.000000 0.000000 0.000000 0.000000 0.000000 0.000000 0.000000 0.000000 0.000000 0.000000 0.000000 0.000000 0.000000 0.000000 0.000000 0.000000 0.000000 0.000000 0.000000 0.000000 0.000000 0.000000 0.000000 0.000000 0.000000 0.000000 0.000000 0.000000 0.000000 0.000000 0.000000 0.000000 0.000000 0.000000 0.000000 0.000000 0.000000 0.000000 0.000000 0.000000 0.000000 0.000000 0.000000 0.000000 0.000000 0.000000 0.000000
0.000000 0.000000 0.000000 0.000000 0.000000 0.000000 0.000000 0.000000 0.000000 0.000000 0.000000 0.000000 0.000000 0.000000 0.000000 0.000000 0.000000 0.000000 0.000000 0.000000 0.000000 0.000000 0.000000 0.000000 0.000000 0.000000 0.000000 0.000000 0.000000 0.000000 0.000000 0.000000 0.000000 0.000000 0.000000 0.000000 0.000000 0.000000 0.000000 0.000000 0.000000 0.000000 0.000000 0.000000 0.000000 0.000000 0.000000 0.000000 0.000000 0.000000 0.000000 0.000000 0.000000 0.000000 0.000000 0.000000 0.000000 0.000000 0.000000 0.000000 0.000000 0.000000 0.000000
0.000000 0.000000 0.000000 0.000000 0.000000 0.000000 0.000000 0.000000 0.000000 0.000000 0.000000 0.000000 0.000000 0.000000 0.000000 0.000000 0.000000 0.000000 0.000000 0.000000 0.000000 0.000000 0.000000 0.000000 0.000000 0.000000 0.000000 0.000000 0.000000 0.000000 0.000000 0.000000 0.000000 0.000000 0.000000 0.000000 0.000000 0.000000 0.000000 0.000000 0.000000 0.000000 0.000000 0.000000 0.000000 0.000000 0.000000 0.000000 0.000000 0.000000 0.000000 0.000000 0.000000 0.000000 0.000000 0.000000 0.000000 0.000000 0.000000 0.000000 0.000000 0.000000 0.000000
0.000000 0.000000 0.000000 0.000000 0.000000 0.000000 0.000000 0.000000 0.000000 0.000000 0.000000 0.000000 0.000000 0.000000 0.000000 0.000000 0.000000 0.000000 0.000000 0.000000 0.000000 0.000000 0.000000 0.000000 0.000000 0.000000 0.000000 0.000000 0.000000 0.000000 0.000000 0.000000 0.000000 0.000000 0.000000 0.000000 0.000000 0.000000 0.000000 0.000000 0.000000 0.000000 0.000000 0.000000 0.000000 0.000000 0.000000 0.000001 0.000001 0.000001 0.000002 0.000002 0.000002 0.000002 0.000002 0.000002 0.000002 0.000002 0.000002 0.000002 0.000001 0.000001 0.000001
0.000000 0.000000 0.000000 0.000000 0.000000 0.000000 0.000000 0.000000 0.000000 0.000000 0.000000 0.000000 0.000000 0.000000 0.000000 0.000000 0.000000 0.000000 0.000000 0.000000 0.000000 0.000000 0.000000 0.000000 0.000000 0.000000 0.000000 0.000000 0.000000 0.000000 0.000000 0.000000 0.000000 0.000000 0.000000 0.000000 0.000000 0.000001 0.000002 0.000004 0.000005 0.000006 0.000007 0.000008 0.000008 0.000009 0.000009 0.000009 0.000009 0.000008 0.000008 0.000007 0.000007 0.000006 0.000006 0.000006 0.000005 0.000005 0.000004 0.000004 0.000004 0.000003 0.000003
0.000000 0.000000 0.000000 0.000000 0.000000 0.000000 0.000000 0.000000 0.000000 0.000000 0.000000 0.000000 0.000000 0.000000 0.000000 0.000000 0.000000 0.000000 0.000000 0.000000 0.000000 0.000000 0.000000 0.000000 0.000001 0.000001 0.000001 0.000002 0.000002 0.000002 0.000003 0.000003 0.000005 0.000008 0.000013 0.000018 0.000021 0.000023 0.000024 0.000024 0.000023 0.000022 0.000021 0.000020 0.000019 0.000018 0.000016 0.000015 0.000014 0.000012 0.000011 0.000010 0.000009 0.000008 0.000007 0.000006 0.000005 0.000005 0.000004 0.000003 0.000003 0.000003 0.000002
0.000014 0.000015 0.000015 0.000016 0.000016 0.000015 0.000015 0.000015 0.000014 0.000014 0.000013 0.000012 0.000011 0.000011 0.000010 0.000010 0.000010 0.000010 0.000010 0.000010 0.000011 0.000011 0.000012 0.000012 0.000013 0.000015 0.000017 0.000020 0.000025 0.000031 0.000038 0.000045 0.000049 0.000051 0.000051 0.000050 0.000048 0.000045 0.000042 0.000038 0.000034 0.000031 0.000028 0.000025 0.000023 0.000020 0.000018 0.000017 0.000015 0.000014 0.000012 0.000011 0.000010 0.000009 0.000007 0.000006 0.000005 0.000005 0.000004 0.000003 0.000003 0.000002 0.000002
0.000250 0.000243 0.000236 0.000224 0.000211 0.000197 0.000183 0.000170 0.000158 0.000146 0.000134 0.000122 0.000110 0.000100 0.000091 0.000085 0.000081 0.000076 0.000073 0.000071 0.000070 0.000071 0.000072 0.000075 0.000080 0.000085 0.000092 0.000098 0.000103 0.000105 0.000103 0.000099 0.000093 0.000085 0.000076 0.000067 0.000059 0.000051 0.000044 0.000038 0.000033 0.000029 0.000025 0.000022 0.000020 0.000017 0.000016 0.000014 0.000012 0.000011 0.000010 0.000008 0.000007 0.000006 0.000005 0.000004 0.000004 0.000003 0.000003 0.000002 0.000002 0.000001 0.000000
0.000754 0.000717 0.000679 0.000641 0.000605 0.000570 0.000539 0.000511 0.000484 0.000460 0.000437 0.000413 0.000389 0.000366 0.000345 0.000331 0.000314 0.000296 0.000281 0.000266 0.000256 0.000248 0.000240 0.000235 0.000230 0.000227 0.000222 0.000212 0.000201 0.000186 0.000170 0.000152 0.000133 0.000114 0.000097 0.000081 0.000066 0.000054 0.000043 0.000034 0.000027 0.000022 0.000018 0.000015 0.000014 0.000012 0.000010 0.000008 0.000007 0.000006 0.000005 0.000004 0.000003 0.000003 0.000002 0.000002 0.000002 0.000001 0.000000 0.000000 0.000000 0.000000 0.000000
0.001243 0.001160 0.001070 0.000979 0.000891 0.000812 0.000745 0.000692 0.000642 0.000604 0.000572 0.000539 0.000510 0.000483 0.000459 0.000443 0.000425 0.000409 0.000397 0.000385 0.000380 0.000373 0.000360 0.000350 0.000334 0.000323 0.000311 0.000290 0.000270 0.000246 0.000222 0.000197 0.000170 0.000145 0.000120 0.000096 0.000074 0.000056 0.000041 0.000030 0.000022 0.000017 0.000015 0.000013 0.000011 0.000008 0.000007 0.000005 0.000004 0.000003 0.000002 0.000002 0.000001 0.000001 0.000000 0.000000 0.000000 0.000000 0.000000 0.000000 0.000000 0.000000 0.000000
0.001685 0.001547 0.001426 0.001309 0.001192 0.001070 0.000960 0.000867 0.000784 0.000714 0.000653 0.000595 0.000544 0.000497 0.000456 0.000428 0.000402 0.000377 0.000356 0.000337 0.000329 0.000323 0.000315 0.000309 0.000300 0.000295 0.000290 0.000279 0.000266 0.000248 0.000229 0.000207 0.000181 0.000155 0.000128 0.000103 0.000081 0.000061 0.000044 0.000030 0.000020 0.000014 0.000012 0.000010 0.000008 0.000006 0.000004 0.000003 0.000002 0.000001 0.000000 0.000000 0.000000 0.000000 0.000000 0.000000 0.000000 0.000000 0.000000 0.000000 0.000000 0.000000 0.000000
0.002419 0.002007 0.001748 0.001542 0.001393 0.001240 0.001083 0.000938 0.000804 0.000692 0.000600 0.000525 0.000466 0.000414 0.000365 0.000320 0.000281 0.000245 0.000216 0.000198 0.000186 0.000175 0.000168 0.000165 0.000162 0.000162 0.000163 0.000162 0.000162 0.000158 0.000153 0.000146 0.000135 0.000124 0.000110 0.000097 0.000084 0.000069 0.000056 0.000042 0.000029 0.000018 0.000011 0.000009 0.000007 0.000005 0.000004 0.000002 0.000001 0.000000 0.000000 0.000000 0.000000 0.000000 0.000000 0.000000 0.000000 0.000000 0.000000 0.000000 0.000000 0.000000 0.000000
0.004298 0.003365 0.002597 0.001938 0.001557 0.001332 0.001149 0.000965 0.000786 0.000631 0.000501 0.000400 0.000326 0.000265 0.000217 0.000176 0.000140 0.000115 0.000103 0.000090 0.000081 0.000074 0.000068 0.000064 0.000061 0.000058 0.000057 0.000056 0.000056 0.000056 0.000055 0.000056 0.000056 0.000057 0.000057 0.000057 0.000056 0.000053 0.000050 0.000045 0.000039 0.000032 0.000022 0.000014 0.000008 0.000006 0.000004 0.000003 0.000002 0.000000 0.000000 0.000000 0.000000 0.000000 0.000000 0.000000 0.000000 0.000000 0.000000 0.000000 0.000000 0.000000 0.000000
0.007053 0.005909 0.004820 0.003697 0.002656 0.001858 0.001412 0.001110 0.000858 0.000661 0.000504 0.000386 0.000298 0.000227 0.000177 0.000135 0.000102 0.000082 0.000065 0.000051 0.000041 0.000032 0.000026 0.000020 0.000016 0.000013 0.000013 0.000013 0.000013 0.000014 0.000015 0.000017 0.000019 0.000020 0.000022 0.000025 0.000026 0.000028 0.000029 0.000029 0.000028 0.000025 0.000020 0.000014 0.000008 0.000005 0.000004 0.000003 0.000002 0.000000 0.000000 0.000000 0.000000 0.000000 0.000000 0.000000 0.000000 0.000000 0.000000 0.000000 0.000000 0.000000 0.000000
0.009036 0.007787 0.006697 0.005507 0.004277 0.003147 0.002220 0.001642 0.001232 0.000934 0.000693 0.000504 0.000363 0.000256 0.000186 0.000134 0.000097 0.000071 0.000047 0.000029 0.000017 0.000010 0.000006 0.000004 0.000003 0.000003 0.000003 0.000004 0.000005 0.000005 0.000006 0.000008 0.000009 0.000010 0.000011 0.000012 0.000013 0.000014 0.000015 0.000015 0.000016 0.000015 0.000013 0.000010 0.000006 0.000004 0.000003 0.000002 0.000001 0.000000 0.000000 0.000000 0.000000 0.000000 0.000000 0.000000 0.000000 0.000000 0.000000 0.000000 0.000000 0.000000 0.000000
0.009436 0.008271 0.007301 0.006342 0.005262 0.004123 0.003063 0.002276 0.001723 0.001344 0.001052 0.000813 0.000621 0.000438 0.000300 0.000201 0.000128 0.000074 0.000042 0.000023 0.000012 0.000005 0.000002 0.000001 0.000002 0.000002 0.000003 0.000003 0.000004 0.000004 0.000005 0.000006 0.000006 0.000007 0.000007 0.000008 0.000008 0.000007 0.000007 0.000007 0.000006 0.000006 0.000005 0.000004 0.000003 0.000001 0.000001 0.000000 0.000000 0.000000 0.000000 0.000000 0.000000 0.000000 0.000000 0.000000 0.000000 0.000000 0.000000 0.000000 0.000000 0.000000 0.000000
0.009628 0.008396 0.007319 0.006315 0.005344 0.004336 0.003380 0.002616 0.002050 0.001648 0.001321 0.001051 0.000837 0.000628 0.000443 0.000305 0.000192 0.000097 0.000047 0.000026 0.000013 0.000004 0.000000 0.000001 0.000002 0.000003 0.000003 0.000004 0.000004 0.000005 0.000005 0.000005 0.000004 0.000004 0.000003 0.000003 0.000003 0.000004 0.000005 0.000007 0.000010 0.000016 0.000021 0.000024 0.000024 0.000023 0.000018 0.000014 0.000009 0.000005 0.000004 0.000003 0.000003 0.000003 0.000003 0.000002 0.000002 0.000002 0.000002 0.000001 0.000001 0.000001 0.000001
0.009851 0.008545 0.007366 0.006231 0.005136 0.004131 0.003232 0.002526 0.002013 0.001670 0.001401 0.001157 0.000945 0.000736 0.000541 0.000380 0.000241 0.000125 0.000053 0.000029 0.000014 0.000004 0.000000 0.000001 0.000002 0.000003 0.000003 0.000003 0.000003 0.000003 0.000004 0.000005 0.000007 0.000010 0.000015 0.000022 0.000034 0.000054 0.000086 0.000128 0.000172 0.000208 0.000236 0.000245 0.000244 0.000229 0.000200 0.000169 0.000136 0.000103 0.000077 0.000054 0.000037 0.000026 0.000019 0.000015 0.000013 0.000011 0.000010 0.000009 0.000008 0.000008 0.000008
0.010443 0.008949 0.007669 0.006371 0.005099 0.004024 0.003137 0.002455 0.001975 0.001672 0.001458 0.001260 0.001061 0.000842 0.000617 0.000425 0.000265 0.000141 0.000062 0.000033 0.000015 0.000004 0.000001 0.000001 0.000002 0.000002 0.000002 0.000003 0.000005 0.000010 0.000018 0.000029 0.000044 0.000065 0.000095 0.000141 0.000210 0.000299 0.000389 0.000460 0.000500 0.000515 0.000516 0.000498 0.000464 0.000431 0.000391 0.000352 0.000308 0.000264 0.000224 0.000183 0.000145 0.000113 0.000083 0.000061 0.000048 0.000038 0.000033 0.000029 0.000027 0.000026 0.000026
0.011493 0.009656 0.008234 0.006763 0.005264 0.003997 0.003079 0.002412 0.001948 0.001663 0.001483 0.001332 0.001175 0.000969 0.000720 0.000486 0.000289 0.000149 0.000071 0.000040 0.000018 0.000004 0.000001 0.000001 0.000002 0.000002 0.000005 0.000012 0.000022 0.000036 0.000054 0.000077 0.000110 0.000167 0.000261 0.000382 0.000512 0.000597 0.000618 0.000604 0.000560 0.000501 0.000454 0.000413 0.000384 0.000360 0.000337 0.000317 0.000297 0.000275 0.000252 0.000225 0.000198 0.000174 0.000150 0.000129 0.000110 0.000092 0.000078 0.000065 0.000055 0.000051 0.000046
0.012831 0.010642 0.008939 0.007200 0.005476 0.003974 0.002980 0.002327 0.001891 0.001612 0.001443 0.001331 0.001231 0.001066 0.000819 0.000552 0.000306 0.000138 0.000067 0.000044 0.000023 0.000005 0.000001 0.000001 0.000002 0.000005 0.000014 0.000028 0.000045 0.000067 0.000095 0.000142 0.000246 0.000402 0.000583 0.000709 0.000723 0.000665 0.000568 0.000476 0.000391 0.000311 0.000251 0.000225 0.000212 0.000205 0.000203 0.000201 0.000200 0.000200 0.000197 0.000190 0.000180 0.000168 0.000153 0.000139 0.000125 0.000111 0.000099 0.000090 0.000081 0.000074 0.000067
0.014723 0.012465 0.010145 0.007869 0.005944 0.004155 0.002982 0.002307 0.001889 0.001609 0.001429 0.001322 0.001250 0.001123 0.000886 0.000607 0.000325 0.000125 0.000061 0.000047 0.000028 0.000007 0.000001 0.000000 0.000002 0.000009 0.000021 0.000040 0.000064 0.000093 0.000143 0.000297 0.000525 0.000745 0.000864 0.000813 0.000678 0.000533 0.000392 0.000260 0.000172 0.000144 0.000125 0.000111 0.000102 0.000099 0.000100 0.000104 0.000111 0.000117 0.000124 0.000130 0.000131 0.000130 0.000124 0.000117 0.000110 0.000101 0.000093 0.000086 0.000079 0.000072 0.000066
0.016462 0.014367 0.011846 0.009146 0.006753 0.004764 0.003209 0.002388 0.001934 0.001627 0.001426 0.001310 0.001244 0.001138 0.000901 0.000619 0.000327 0.000116 0.000058 0.000050 0.000036 0.000011 0.000002 0.000000 0.000003 0.000012 0.000028 0.000051 0.000079 0.000138 0.000339 0.000637 0.000882 0.000990 0.000911 0.000716 0.000521 0.000322 0.000185 0.000129 0.000093 0.000079 0.000077 0.000075 0.000073 0.000071 0.000070 0.000068 0.000068 0.000069 0.000073 0.000080 0.000088 0.000094 0.000097 0.000096 0.000093 0.000089 0.000083 0.000077 0.000070 0.000064 0.000058
0.017849 0.016582 0.014699 0.011937 0.008681 0.005694 0.003698 0.002551 0.001979 0.001628 0.001396 0.001248 0.001159 0.001052 0.000826 0.000575 0.000310 0.000108 0.000057 0.000050 0.000040 0.000019 0.000004 0.000001 0.000004 0.000016 0.000038 0.000075 0.000157 0.000376 0.000701 0.000970 0.001124 0.001089 0.000920 0.000584 0.000311 0.000177 0.000123 0.000102 0.000090 0.000077 0.000070 0.000064 0.000059 0.000055 0.000053 0.000051 0.000049 0.000047 0.000046 0.000046 0.000048 0.000052 0.000058 0.000063 0.000065 0.000066 0.000065 0.000062 0.000059 0.000054 0.000050
0.019014 0.017972 0.016811 0.015042 0.011810 0.008040 0.004545 0.002941 0.002132 0.001687 0.001399 0.001211 0.001087 0.000957 0.000750 0.000525 0.000290 0.000113 0.000065 0.000058 0.000049 0.000037 0.000023 0.000019 0.000029 0.000056 0.000112 0.000215 0.000383 0.000679 0.000964 0.001163 0.001218 0.001075 0.000747 0.000396 0.000228 0.000171 0.000138 0.000105 0.000079 0.000063 0.000057 0.000052 0.000049 0.000045 0.000044 0.000042 0.000040 0.000038 0.000035 0.000032 0.000031 0.000030 0.000031 0.000033 0.000035 0.000038 0.000039 0.000039 0.000038 0.000037 0.000035
