example_output/2023Oct12/DepositFiles/ESRI_ASCII/Run00003.txt
NCOLS   360
NROWS   176
XLLCORNER           0.000
YLLCORNER         -88.000
CELLSIZE           1.000          1.000
NODATA_VALUE  0.000
[rows 0 to 27 of 176, columns 189 to 251 of 360]
0.000000 0.000000 0.000000 0.000000 0.000000 0.000000 0.000000 0.000000 0.000000 0.000000 0.000000 0.000000 0.000000 0.000000 0.000000 0.000000 0.000000 0.000000 0.000000 0.000000 0.000000 0.000000 0.000000 0.000000 0.000000 0.000000 0.000000 0.000000 0.000000 0.000000 0.000000 0.000000 0.000000 0.000000 0.000000 0.000000 0.000000 0.000000 0.000000 0.000000 0.000000 0.000000 0.000000 0.000000 0.000000 0.000000 0.000000 0.000000 0.000000 0.000000 0.000000 0.000000 0.000000 0.000000 0.000000 0.000000 0.000000 0.000000 0.000000 0.000000 0.000000 0.000000 0.000000
0.000000 0.000000 0.000000 0.000000 0.000000 0.000000 0.000000 0.000000 0.000000 0.000000 0.000000 0.000000 0.000000 0.000000 0.000000 0.000000 0.000000 0.000000 0.000000 0.000000 0.000000 0.000000 0.000000 0.000000 0.000000 0.000000 0.000000 0.000000 0.000000 0.000000 0.000000 0.000000 0.000000 0.000000 0.000000 0.000000 0.000000 0.000000 0.000000 0.000000 0.000000 0.000000 0.000000 0.000000 0.000000 0.000000 0.000000 0.000000 0.000000 0.000000 0.000000 0.000000 0.000000 0.000000 0.000000 0.000000 0.000000 0.000000 0.000000 0.000000 0.000000 0.000000 0.000001
0.000000 0.000000 0.000000 0.000000 0.000000 0.000000 0.000000 0.000000 0.000000 0.000000 0.000000 0.000000 0.000000 0.000000 0.000000 0.000000 0.000000 0.000000 0.000000 0.000000 0.000000 0.000000 0.000000 0.000000 0.000000 0.000000 0.000000 0.000000 0.000000 0.000000 0.000000 0.000000 0.000000 0.000000 0.000000 0.000000 0.000000 0.000000 0.000000 0.000000 0.000000 0.000000 0.000000 0.000000 0.000000 0.000001 0.000001 0.000002 0.000002 0.000002 0.000002 0.000003 0.000003 0.000003 0.000003 0.000003 0.000003 0.000003 0.000004 0.000004 0.000004 0.000004 0.000004
0.000000 0.000000 0.000000 0.000000 0.000000 0.000000 0.000000 0.000000 0.000000 0.000000 0.000000 0.000000 0.000000 0.000000 0.000000 0.000000 0.000000 0.000000 0.000000 0.000000 0.000000 0.000000 0.000000 0.000000 0.000000 0.000000 0.000000 0.000000 0.000000 0.000000 0.000000 0.000000 0.000000 0.000000 0.000000 0.000001 0.000002 0.000002 0.000002 0.000003 0.000004 0.000005 0.000005 0.000006 0.000007 0.000008 0.000009 0.000010 0.000011 0.000012 0.000013 0.000013 0.000014 0.000015 0.000015 0.000015 0.000015 0.000015 0.000015 0.000015 0.000014 0.000014 0.000013
0.000000 0.000000 0.000000 0.000000 0.000000 0.000000 0.000000 0.000000 0.000000 0.000000 0.000000 0.000000 0.000000 0.000000 0.000000 0.000000 0.000000 0.000000 0.000000 0.000000 0.000000 0.000000 0.000000 0.000000 0.000000 0.000000 0.000000 0.000000 0.000002 0.000002 0.000003 0.000004 0.000005 0.000007 0.000009 0.000011 0.000014 0.000017 0.000020 0.000022 0.000025 0.000028 0.000030 0.000033 0.000035 0.000037 0.000038 0.000039 0.000040 0.000040 0.000040 0.000040 0.000038 0.000037 0.000034 0.000032 0.000030 0.000027 0.000025 0.000025 0.000026 0.000028 0.000031
0.000000 0.000000 0.000000 0.000000 0.000000 0.000000 0.000000 0.000000 0.000000 0.000000 0.000000 0.000000 0.000000 0.000000 0.000000 0.000000 0.000000 0.000000 0.000000 0.000000 0.000000 0.000000 0.000002 0.000003 0.000005 0.000007 0.000009 0.000012 0.000016 0.000020 0.000026 0.000032 0.000037 0.000043 0.000047 0.000050 0.000053 0.000056 0.000059 0.000061 0.000062 0.000063 0.000064 0.000064 0.000065 0.000065 0.000064 0.000062 0.000060 0.000057 0.000056 0.000055 0.000055 0.000057 0.000060 0.000066 0.000076 0.000091 0.000116 0.000145 0.000176 0.000206 0.000233
0.000000 0.000000 0.000000 0.000000 0.000000 0.000000 0.000000 0.000000 0.000000 0.000000 0.000000 0.000000 0.000000 0.000000 0.000000 0.000000 0.000000 0.000000 0.000002 0.000006 0.000010 0.000015 0.000023 0.000031 0.000041 0.000056 0.000068 0.000079 0.000090 0.000092 0.000091 0.000085 0.000074 0.000064 0.000056 0.000049 0.000047 0.000048 0.000052 0.000058 0.000066 0.000073 0.000080 0.000085 0.000089 0.000092 0.000094 0.000097 0.000100 0.000105 0.000115 0.000125 0.000139 0.000163 0.000195 0.000237 0.000294 0.000363 0.000437 0.000513 0.000586 0.000653 0.000703
0.000000 0.000000 0.000000 0.000000 0.000000 0.000000 0.000000 0.000000 0.000000 0.000000 0.000000 0.000000 0.000000 0.000000 0.000000 0.000006 0.000017 0.000029 0.000042 0.000063 0.000089 0.000119 0.000145 0.000183 0.000193 0.000173 0.000139 0.000098 0.000061 0.000037 0.000017 0.000009 0.000009 0.000013 0.000019 0.000028 0.000037 0.000047 0.000057 0.000066 0.000075 0.000082 0.000089 0.000095 0.000099 0.000106 0.000117 0.000135 0.000156 0.000183 0.000220 0.000270 0.000340 0.000439 0.000558 0.000697 0.000862 0.001030 0.001190 0.001330 0.001444 0.001536 0.001602
0.000000 0.000000 0.000000 0.000000 0.000000 0.000000 0.000000 0.000000 0.000000 0.000000 0.000000 0.000000 0.000018 0.000055 0.000094 0.000146 0.000201 0.000257 0.000319 0.000353 0.000339 0.000287 0.000196 0.000121 0.000081 0.000056 0.000035 0.000018 0.000009 0.000007 0.000008 0.000011 0.000014 0.000018 0.000021 0.000025 0.000030 0.000037 0.000042 0.000049 0.000057 0.000066 0.000075 0.000086 0.000095 0.000112 0.000139 0.000180 0.000238 0.000323 0.000472 0.000687 0.000964 0.001292 0.001657 0.002017 0.002325 0.002583 0.002798 0.002947 0.003034 0.003069 0.003043
0.000000 0.000000 0.000000 0.000000 0.000000 0.000000 0.000000 0.000003 0.000010 0.000064 0.000226 0.000368 0.000558 0.000656 0.000640 0.000565 0.000445 0.000340 0.000277 0.000232 0.000177 0.000119 0.000062 0.000029 0.000012 0.000004 0.000001 0.000001 0.000002 0.000004 0.000005 0.000006 0.000008 0.000009 0.000011 0.000012 0.000014 0.000016 0.000018 0.000021 0.000025 0.000032 0.000045 0.000067 0.000108 0.000169 0.000281 0.000492 0.000855 0.001330 0.001898 0.002512 0.003170 0.003766 0.004280 0.004689 0.005002 0.005211 0.005288 0.005238 0.005064 0.004794 0.004450
0.000000 0.000004 0.000014 0.000033 0.000061 0.000114 0.000316 0.000751 0.001374 0.001482 0.001463 0.001181 0.000844 0.000584 0.000387 0.000293 0.000238 0.000195 0.000152 0.000098 0.000049 0.000021 0.000007 0.000002 0.000000 0.000000 0.000000 0.000000 0.000000 0.000000 0.000000 0.000000 0.000001 0.000001 0.000001 0.000002 0.000002 0.000004 0.000008 0.000016 0.000046 0.000118 0.000260 0.000484 0.000816 0.001273 0.001927 0.002818 0.003778 0.004727 0.005676 0.006522 0.007247 0.007803 0.008151 0.008287 0.008202 0.007876 0.007357 0.006742 0.006097 0.005468 0.004866
0.000255 0.000525 0.000908 0.001474 0.002158 0.002677 0.002783 0.002466 0.001886 0.001286 0.000784 0.000515 0.000391 0.000296 0.000218 0.000166 0.000137 0.000104 0.000067 0.000031 0.000012 0.000004 0.000000 0.000000 0.000000 0.000000 0.000000 0.000000 0.000000 0.000000 0.000000 0.000002 0.000007 0.000022 0.000051 0.000122 0.000232 0.000424 0.000646 0.000970 0.001364 0.001893 0.002584 0.003479 0.004635 0.005981 0.007329 0.008577 0.009847 0.010870 0.011699 0.012258 0.012464 0.012278 0.011689 0.010795 0.009785 0.008738 0.007716 0.006736 0.005802 0.004946 0.004171
0.003201 0.003843 0.004225 0.004194 0.003759 0.003000 0.002053 0.001214 0.000599 0.000351 0.000270 0.000226 0.000191 0.000160 0.000130 0.000108 0.000086 0.000060 0.000035 0.000021 0.000015 0.000013 0.000013 0.000016 0.000022 0.000033 0.000051 0.000085 0.000140 0.000245 0.000411 0.000620 0.000905 0.001239 0.001655 0.002134 0.002704 0.003366 0.004121 0.005041 0.006160 0.007494 0.009102 0.010743 0.012390 0.013989 0.015510 0.016582 0.017443 0.017820 0.017566 0.016729 0.015506 0.014084 0.012608 0.011116 0.009557 0.008024 0.006614 0.005378 0.004328 0.003457 0.002742
0.007224 0.006923 0.006162 0.005099 0.003925 0.002720 0.001566 0.000771 0.000301 0.000189 0.000162 0.000147 0.000136 0.000127 0.000123 0.000123 0.000123 0.000132 0.000152 0.000193 0.000254 0.000344 0.000478 0.000665 0.000895 0.001160 0.001484 0.001838 0.002275 0.002819 0.003438 0.004149 0.004940 0.005767 0.006717 0.007715 0.008881 0.010218 0.011687 0.013469 0.015309 0.017245 0.019377 0.021318 0.023066 0.024110 0.024660 0.024514 0.023420 0.021553 0.019410 0.017177 0.014791 0.012338 0.009982 0.007753 0.006017 0.004689 0.003666 0.002865 0.002234 0.001756 0.001380
0.012402 0.012030 0.011477 0.010693 0.009518 0.007758 0.005381 0.002453 0.000467 0.000230 0.000249 0.000297 0.000362 0.000455 0.000582 0.000729 0.000909 0.001124 0.001374 0.001664 0.002002 0.002377 0.002819 0.003332 0.003900 0.004558 0.005363 0.006267 0.007290 0.008361 0.009407 0.010628 0.011939 0.013378 0.015120 0.016982 0.019219 0.021482 0.023868 0.026552 0.029008 0.031316 0.033302 0.034452 0.034360 0.032952 0.030326 0.027117 0.023668 0.019767 0.016012 0.012412 0.009435 0.007112 0.005442 0.004258 0.003377 0.002638 0.002025 0.001559 0.001188 0.000924 0.000742
0.026159 0.027010 0.027419 0.027041 0.025430 0.022630 0.018240 0.011366 0.003049 0.000764 0.000910 0.001112 0.001345 0.001605 0.001907 0.002249 0.002639 0.003071 0.003587 0.004282 0.005092 0.006022 0.007005 0.007993 0.009048 0.010268 0.011695 0.013274 0.014919 0.016699 0.018685 0.021108 0.023661 0.026499 0.029582 0.032803 0.036239 0.039394 0.042362 0.045032 0.046631 0.046704 0.045052 0.042084 0.038581 0.034331 0.029437 0.023671 0.017971 0.013366 0.009867 0.007500 0.005896 0.004722 0.003817 0.003091 0.002368 0.001758 0.001251 0.000942 0.000778 0.000651 0.000515
0.063051 0.071109 0.078737 0.085044 0.089169 0.088656 0.078995 0.059048 0.032465 0.008914 0.007030 0.006679 0.007147 0.008061 0.008987 0.009896 0.010934 0.011934 0.012950 0.014173 0.015325 0.016600 0.018087 0.019509 0.021365 0.023335 0.025506 0.027972 0.030403 0.033206 0.036526 0.040166 0.043999 0.048076 0.052256 0.056326 0.059891 0.062153 0.062367 0.059920 0.054940 0.048684 0.042449 0.036708 0.030608 0.024213 0.018235 0.013863 0.010737 0.008484 0.006812 0.005571 0.004579 0.003693 0.002852 0.002119 0.001511 0.001094 0.000936 0.000795 0.000618 0.000424 0.000256
0.118069 0.138357 0.161623 0.187128 0.213156 0.238545 0.262463 0.269735 0.245341 0.190734 0.151690 0.135010 0.123445 0.112964 0.103157 0.096335 0.090471 0.084481 0.079044 0.074218 0.069948 0.066346 0.063249 0.060558 0.058995 0.058057 0.058010 0.059326 0.061352 0.064505 0.067695 0.071179 0.074946 0.078497 0.081444 0.082795 0.081023 0.075929 0.068211 0.057933 0.046498 0.036844 0.029564 0.024174 0.019802 0.016010 0.012837 0.010304 0.008429 0.006959 0.005761 0.004753 0.003771 0.002934 0.002185 0.001527 0.001184 0.000972 0.000736 0.000510 0.000279 0.000110 0.000042
0.084861 0.093970 0.106818 0.125496 0.155276 0.200320 0.252871 0.295457 0.324228 0.300369 0.249950 0.211285 0.195503 0.183296 0.170628 0.161025 0.153212 0.147882 0.143687 0.138641 0.133306 0.128272 0.122888 0.117404 0.112832 0.108441 0.105318 0.103546 0.103389 0.104695 0.105482 0.105255 0.104217 0.101430 0.096615 0.090082 0.080601 0.068996 0.055579 0.042142 0.031007 0.024152 0.019999 0.016867 0.014046 0.011568 0.009522 0.007927 0.006747 0.005834 0.005068 0.004363 0.003623 0.002873 0.002204 0.001673 0.001316 0.000962 0.000622 0.000321 0.000111 0.000031 0.000006
0.020880 0.016010 0.013286 0.013024 0.017326 0.030790 0.070803 0.148226 0.224276 0.273959 0.255930 0.210720 0.185833 0.170805 0.160212 0.156020 0.151688 0.148843 0.148691 0.147719 0.148202 0.149290 0.148641 0.146772 0.144257 0.141360 0.139374 0.138409 0.136770 0.133642 0.127584 0.119327 0.110041 0.098756 0.085125 0.070231 0.055474 0.042049 0.030258 0.021038 0.015373 0.012499 0.010609 0.009174 0.007995 0.007009 0.006142 0.005421 0.004898 0.004475 0.004104 0.003776 0.003386 0.003013 0.002544 0.001966 0.001499 0.001057 0.000634 0.000270 0.000097 0.000020 0.000002
0.001751 0.001070 0.000748 0.000588 0.000545 0.000988 0.004705 0.031881 0.107986 0.203273 0.233382 0.204134 0.174236 0.149738 0.136094 0.130645 0.126583 0.124521 0.125532 0.126646 0.130016 0.132935 0.135399 0.138206 0.142662 0.148408 0.153770 0.155633 0.152839 0.143314 0.126568 0.107073 0.086511 0.065029 0.047347 0.033391 0.023586 0.015915 0.010134 0.006618 0.004957 0.004086 0.003640 0.003403 0.003260 0.003145 0.003042 0.002923 0.002870 0.002869 0.002874 0.002876 0.002773 0.002603 0.002343 0.001908 0.001456 0.001048 0.000667 0.000308 0.000099 0.000009 0.000000
0.000252 0.000179 0.000138 0.000111 0.000098 0.000097 0.000232 0.002504 0.035942 0.112250 0.199230 0.197665 0.170752 0.142990 0.124088 0.113467 0.104917 0.100013 0.100795 0.105014 0.109486 0.114702 0.120981 0.127879 0.134926 0.140626 0.140380 0.130207 0.112734 0.090869 0.067783 0.046915 0.030390 0.019517 0.012826 0.008404 0.005524 0.003553 0.002216 0.001473 0.001101 0.000930 0.000867 0.000864 0.000912 0.001009 0.001140 0.001240 0.001352 0.001497 0.001635 0.001813 0.001920 0.001949 0.001857 0.001602 0.001300 0.000992 0.000694 0.000411 0.000196 0.000048 0.000000
0.000037 0.000025 0.000019 0.000017 0.000020 0.000024 0.000032 0.000355 0.005734 0.046345 0.104869 0.154786 0.152354 0.125631 0.100645 0.086823 0.079768 0.076945 0.076089 0.079081 0.086352 0.097401 0.110869 0.121138 0.123656 0.113502 0.096528 0.071527 0.046188 0.027233 0.015592 0.009109 0.005719 0.003636 0.002310 0.001447 0.000918 0.000587 0.000381 0.000265 0.000200 0.000173 0.000167 0.000176 0.000201 0.000232 0.000278 0.000331 0.000393 0.000495 0.000653 0.000894 0.001119 0.001309 0.001399 0.001317 0.001125 0.000881 0.000642 0.000441 0.000266 0.000109 0.000019
0.000000 0.000000 0.000001 0.000003 0.000007 0.000011 0.000019 0.000061 0.000404 0.013295 0.042657 0.065316 0.107661 0.102786 0.085076 0.072861 0.061315 0.053002 0.049998 0.055312 0.069225 0.087567 0.098262 0.089858 0.072672 0.047516 0.025551 0.011907 0.004377 0.001980 0.001102 0.000690 0.000454 0.000255 0.000150 0.000091 0.000058 0.000040 0.000029 0.000022 0.000018 0.000017 0.000017 0.000018 0.000021 0.000026 0.000033 0.000039 0.000050 0.000071 0.000119 0.000236 0.000481 0.000770 0.000974 0.001000 0.000900 0.000703 0.000502 0.000357 0.000233 0.000116 0.000035
0.000008 0.000001 0.000000 0.000000 0.000001 0.000004 0.000010 0.000024 0.000181 0.001114 0.001613 0.015295 0.042777 0.076897 0.076984 0.072373 0.065004 0.059150 0.054358 0.054755 0.062685 0.068014 0.059970 0.039605 0.020570 0.007865 0.003005 0.000849 0.000141 0.000063 0.000028 0.000015 0.000010 0.000006 0.000004 0.000002 0.000001 0.000000 0.000000 0.000000 0.000000 0.000000 0.000000 0.000000 0.000000 0.000000 0.000000 0.000000 0.000001 0.000004 0.000011 0.000051 0.000181 0.000413 0.000632 0.000713 0.000668 0.000520 0.000370 0.000262 0.000170 0.000094 0.000039
0.000158 0.000035 0.000003 0.000000 0.000000 0.000000 0.000002 0.000031 0.000236 0.000820 0.001447 0.002104 0.002883 0.033734 0.069782 0.093349 0.087078 0.077864 0.066284 0.057903 0.052405 0.042848 0.026667 0.012027 0.006687 0.004074 0.001975 0.000349 0.000001 0.000000 0.000000 0.000000 0.000000 0.000000 0.000000 0.000000 0.000000 0.000000 0.000000 0.000000 0.000000 0.000000 0.000000 0.000000 0.000000 0.000000 0.000000 0.000000 0.000002 0.000004 0.000009 0.000027 0.000087 0.000229 0.000380 0.000446 0.000439 0.000356 0.000272 0.000203 0.000140 0.000088 0.000047
0.000361 0.000154 0.000037 0.000000 0.000000 0.000000 0.000001 0.000126 0.000627 0.001343 0.002045 0.002683 0.003125 0.003564 0.026974 0.109506 0.115326 0.102956 0.083013 0.062449 0.043915 0.024860 0.010978 0.005016 0.001800 0.000454 0.000067 0.000034 0.000000 0.000000 0.000000 0.000000 0.000000 0.000000 0.000000 0.000000 0.000000 0.000000 0.000000 0.000000 0.000000 0.000000 0.000000 0.000000 0.000000 0.000000 0.000000 0.000000 0.000001 0.000003 0.000010 0.000024 0.000065 0.000124 0.000183 0.000217 0.000225 0.000203 0.000173 0.000130 0.000086 0.000049 0.000026
0.000444 0.000242 0.000099 0.000019 0.000000 0.000000 0.000022 0.000363 0.001094 0.001785 0.002289 0.002424 0.002387 0.002257 0.002210 0.063442 0.143382 0.121340 0.089067 0.057684 0.032791 0.015814 0.006340 0.001563 0.000112 0.000000 0.000000 0.000000 0.000000 0.000000 0.000000 0.000000 0.000000 0.000000 0.000000 0.000000 0.000000 0.000000 0.000000 0.000000 0.000000 0.000000 0.000000 0.000000 0.000000 0.000000 0.000000 0.000000 0.000000 0.000000 0.000003 0.000009 0.000021 0.000037 0.000057 0.000075 0.000082 0.000080 0.000062 0.000040 0.000025 0.000010 0.000003
