example_output/2023Oct12/DepositFiles/ESRI_ASCII/Run00005.txt
NCOLS   360
NROWS   176
XLLCORNER           0.000
YLLCORNER         -88.000
CELLSIZE           1.000          1.000
NODATA_VALUE  0.000
[rows 28 to 55 of 176, columns 189 to 251 of 360]
0.092524 0.108640 0.131612 0.162935 0.212966 0.278256 0.368683 0.342976 0.275066 0.185165 0.128632 0.102798 0.090416 0.078914 0.063378 0.044150 0.020220 0.018185 0.016842 0.016147 0.015590 0.015050 0.014413 0.013577 0.012662 0.011809 0.011020 0.010254 0.009544 0.008851 0.008219 0.007698 0.007226 0.006842 0.006497 0.006164 0.005873 0.005566 0.005198 0.004665 0.003906 0.003165 0.002689 0.002391 0.002097 0.001711 0.001225 0.000852 0.000648 0.000474 0.000293 0.000155 0.000079 0.000032 0.000007 0.000000 0.000000 0.000000 0.000003 0.000020 0.000078 0.000166 0.000272
0.072850 0.079930 0.087744 0.099465 0.126316 0.182410 0.299087 0.528367 0.573221 0.458331 0.301530 0.213611 0.178759 0.155175 0.163944 0.176353 0.015934 0.014519 0.013548 0.013246 0.013262 0.013539 0.013874 0.014009 0.013837 0.013166 0.012080 0.010913 0.009958 0.009185 0.008542 0.008019 0.007575 0.007219 0.006902 0.006546 0.006141 0.005715 0.005341 0.004947 0.004319 0.003522 0.002844 0.002412 0.002039 0.001639 0.001174 0.000797 0.000595 0.000461 0.000334 0.000212 0.000124 0.000070 0.000033 0.000010 0.000003 0.000005 0.000007 0.000008 0.000014 0.000049 0.000138
0.052371 0.052593 0.050380 0.047979 0.048702 0.065746 0.149926 0.388636 0.508326 0.366066 0.151352 0.058622 0.032541 0.023484 0.018725 0.015512 0.013469 0.012115 0.011146 0.010584 0.010302 0.010359 0.010715 0.011312 0.012082 0.012851 0.013111 0.012471 0.011258 0.010041 0.009276 0.008727 0.008237 0.007758 0.007309 0.006842 0.006319 0.005752 0.005261 0.004911 0.004490 0.003825 0.003049 0.002385 0.001908 0.001505 0.001092 0.000745 0.000548 0.000435 0.000348 0.000264 0.000184 0.000124 0.000088 0.000073 0.000073 0.000090 0.000112 0.000174 0.000279 0.000414 0.000593
0.033142 0.031501 0.028165 0.024518 0.020745 0.017377 0.030219 0.123899 0.240265 0.194340 0.106684 0.057154 0.035537 0.026710 0.022169 0.018921 0.016279 0.014177 0.012554 0.011446 0.010715 0.010317 0.010101 0.010058 0.010281 0.010914 0.012029 0.013294 0.014078 0.013934 0.012993 0.011728 0.010462 0.009317 0.008404 0.007682 0.007011 0.006290 0.005531 0.004949 0.004489 0.003889 0.003146 0.002397 0.001858 0.001462 0.001101 0.000795 0.000616 0.000556 0.000536 0.000502 0.000461 0.000472 0.000539 0.000648 0.000827 0.001063 0.001269 0.001438 0.001630 0.001822 0.002027
0.017897 0.019296 0.018554 0.016984 0.015004 0.012779 0.010764 0.015214 0.036243 0.061654 0.049742 0.033378 0.023373 0.018201 0.015722 0.014489 0.013816 0.013118 0.012284 0.011386 0.010531 0.009864 0.009387 0.009136 0.009127 0.009346 0.009865 0.010816 0.012287 0.013861 0.014907 0.015154 0.014625 0.013533 0.012195 0.010770 0.009418 0.008114 0.006718 0.005571 0.004852 0.004183 0.003390 0.002516 0.001860 0.001437 0.001097 0.000824 0.000664 0.000618 0.000709 0.001093 0.001619 0.002332 0.003080 0.003808 0.004415 0.004855 0.005102 0.005133 0.005032 0.004868 0.004699
0.008646 0.009593 0.010471 0.010742 0.010320 0.009456 0.008382 0.007263 0.006244 0.006686 0.011053 0.011968 0.010834 0.009515 0.008754 0.008381 0.008306 0.008377 0.008512 0.008570 0.008506 0.008438 0.008390 0.008430 0.008637 0.008982 0.009492 0.010154 0.010943 0.011976 0.013314 0.014680 0.015833 0.016322 0.015965 0.014923 0.013246 0.011136 0.008762 0.006698 0.005165 0.004298 0.003484 0.002554 0.001812 0.001364 0.001052 0.000821 0.000699 0.000697 0.000840 0.001289 0.001986 0.003084 0.004385 0.005716 0.006942 0.007932 0.008613 0.008807 0.008487 0.007726 0.006987
0.004152 0.004678 0.004866 0.005089 0.005345 0.005439 0.005313 0.004973 0.004538 0.004082 0.003609 0.003632 0.003949 0.004083 0.004065 0.004036 0.004092 0.004270 0.004561 0.004942 0.005334 0.005709 0.006050 0.006384 0.006778 0.007227 0.007813 0.008553 0.009449 0.010561 0.011912 0.013565 0.015433 0.017225 0.019008 0.020141 0.019696 0.018125 0.014819 0.010747 0.007000 0.004592 0.003550 0.002572 0.001791 0.001333 0.001056 0.000898 0.000866 0.000943 0.001164 0.001567 0.002097 0.002798 0.003831 0.005156 0.006625 0.008130 0.009391 0.009988 0.009832 0.009070 0.008102
0.000841 0.001167 0.001428 0.001639 0.001760 0.001824 0.001882 0.001936 0.001951 0.001919 0.001836 0.001716 0.001602 0.001568 0.001610 0.001640 0.001664 0.001719 0.001850 0.002060 0.002336 0.002688 0.003075 0.003507 0.004028 0.004601 0.005263 0.006044 0.007016 0.008198 0.009557 0.011151 0.013180 0.015836 0.018867 0.021755 0.024283 0.026321 0.025191 0.020881 0.014723 0.008892 0.005021 0.003015 0.001948 0.001366 0.001032 0.000891 0.000876 0.001000 0.001303 0.001730 0.002259 0.003038 0.004195 0.005583 0.007207 0.008993 0.010531 0.011373 0.011345 0.010538 0.009526
0.000006 0.000025 0.000056 0.000104 0.000156 0.000213 0.000272 0.000317 0.000357 0.000375 0.000376 0.000366 0.000345 0.000318 0.000300 0.000308 0.000342 0.000381 0.000437 0.000525 0.000666 0.000866 0.001133 0.001487 0.001907 0.002431 0.003097 0.003876 0.004779 0.005836 0.007088 0.008522 0.010125 0.012132 0.014901 0.018844 0.023800 0.028599 0.031566 0.031838 0.027230 0.019079 0.011863 0.006475 0.003660 0.002217 0.001448 0.001251 0.001394 0.001842 0.002567 0.003534 0.004780 0.006327 0.007966 0.009631 0.011287 0.012441 0.013062 0.013028 0.012287 0.010897 0.009148
0.000000 0.000000 0.000000 0.000000 0.000000 0.000000 0.000000 0.000000 0.000003 0.000005 0.000006 0.000006 0.000006 0.000004 0.000003 0.000003 0.000006 0.000018 0.000035 0.000053 0.000080 0.000126 0.000201 0.000319 0.000499 0.000756 0.001116 0.001619 0.002317 0.003194 0.004286 0.005633 0.007166 0.008851 0.010788 0.013586 0.018169 0.024747 0.031962 0.035607 0.035371 0.030694 0.021682 0.013419 0.008595 0.005658 0.003839 0.003485 0.004244 0.005177 0.006936 0.008612 0.010052 0.011601 0.013222 0.014789 0.015898 0.016082 0.015025 0.012983 0.010678 0.008522 0.006632
0.000000 0.000000 0.000000 0.000000 0.000000 0.000000 0.000000 0.000000 0.000000 0.000000 0.000000 0.000000 0.000000 0.000000 0.000000 0.000000 0.000000 0.000000 0.000001 0.000003 0.000006 0.000010 0.000016 0.000027 0.000049 0.000099 0.000202 0.000375 0.000666 0.001136 0.001842 0.002829 0.004110 0.005712 0.007525 0.009551 0.012517 0.017955 0.026505 0.035560 0.039277 0.037358 0.031574 0.023074 0.015919 0.012338 0.010147 0.009788 0.010301 0.010905 0.011553 0.012278 0.013171 0.014097 0.014855 0.015229 0.015033 0.014017 0.012092 0.009630 0.007383 0.005532 0.004078
0.000000 0.000000 0.000000 0.000000 0.000000 0.000000 0.000000 0.000000 0.000000 0.000000 0.000000 0.000000 0.000000 0.000000 0.000000 0.000000 0.000000 0.000000 0.000000 0.000000 0.000000 0.000000 0.000000 0.000001 0.000002 0.000004 0.000009 0.000025 0.000069 0.000181 0.000414 0.000858 0.001596 0.002723 0.004233 0.006083 0.008379 0.011785 0.018889 0.029258 0.038310 0.039843 0.036582 0.029767 0.022886 0.018852 0.016276 0.014529 0.013346 0.012753 0.012549 0.012558 0.012572 0.012625 0.012743 0.012340 0.011304 0.009752 0.007863 0.006059 0.004649 0.003571 0.002715
0.000000 0.000000 0.000000 0.000000 0.000000 0.000000 0.000000 0.000000 0.000000 0.000000 0.000000 0.000000 0.000000 0.000000 0.000000 0.000000 0.000000 0.000000 0.000000 0.000000 0.000000 0.000000 0.000000 0.000000 0.000000 0.000000 0.000000 0.000000 0.000002 0.000006 0.000023 0.000076 0.000218 0.000611 0.001410 0.002676 0.004552 0.007162 0.012045 0.021760 0.032636 0.037606 0.036867 0.031351 0.025249 0.021107 0.018024 0.015757 0.014164 0.013188 0.012403 0.011738 0.011161 0.010538 0.010051 0.008947 0.007279 0.005660 0.004393 0.003449 0.002787 0.002284 0.001848
0.000000 0.000000 0.000000 0.000000 0.000000 0.000000 0.000000 0.000000 0.000000 0.000000 0.000000 0.000000 0.000000 0.000000 0.000000 0.000000 0.000000 0.000000 0.000000 0.000000 0.000000 0.000000 0.000000 0.000000 0.000000 0.000000 0.000000 0.000000 0.000000 0.000000 0.000000 0.000000 0.000001 0.000006 0.000048 0.000316 0.001196 0.003106 0.006648 0.014472 0.025777 0.032530 0.033891 0.030042 0.024882 0.020957 0.017755 0.015288 0.013452 0.012111 0.010898 0.009935 0.009045 0.008223 0.007296 0.005850 0.004288 0.003131 0.002313 0.001786 0.001468 0.001261 0.001101
0.000000 0.000000 0.000000 0.000000 0.000000 0.000000 0.000000 0.000000 0.000000 0.000000 0.000000 0.000000 0.000000 0.000000 0.000000 0.000000 0.000000 0.000000 0.000000 0.000000 0.000000 0.000000 0.000000 0.000000 0.000000 0.000000 0.000000 0.000000 0.000000 0.000000 0.000000 0.000000 0.000000 0.000000 0.000000 0.000001 0.000009 0.000357 0.002455 0.008966 0.019348 0.025977 0.028094 0.025665 0.021879 0.018726 0.015861 0.013593 0.011765 0.010221 0.008903 0.007952 0.007047 0.006039 0.004910 0.003580 0.002498 0.001650 0.001016 0.000671 0.000511 0.000423 0.000398
0.000000 0.000000 0.000000 0.000000 0.000000 0.000000 0.000000 0.000000 0.000000 0.000000 0.000000 0.000000 0.000000 0.000000 0.000000 0.000000 0.000000 0.000000 0.000000 0.000000 0.000000 0.000000 0.000000 0.000000 0.000000 0.000000 0.000000 0.000000 0.000000 0.000000 0.000000 0.000000 0.000000 0.000000 0.000000 0.000000 0.000001 0.000040 0.000929 0.005955 0.014386 0.019792 0.021785 0.020217 0.017655 0.015405 0.013180 0.011287 0.009664 0.008240 0.007129 0.006267 0.005264 0.004175 0.003088 0.002134 0.001312 0.000672 0.000325 0.000193 0.000133 0.000100 0.000085
0.000000 0.000000 0.000000 0.000000 0.000000 0.000000 0.000000 0.000000 0.000000 0.000000 0.000000 0.000000 0.000000 0.000000 0.000000 0.000000 0.000000 0.000000 0.000000 0.000000 0.000000 0.000000 0.000000 0.000000 0.000000 0.000000 0.000000 0.000000 0.000000 0.000000 0.000000 0.000000 0.000000 0.000000 0.000000 0.000000 0.000000 0.000028 0.000955 0.005244 0.011279 0.015179 0.016399 0.015286 0.013524 0.012014 0.010289 0.008736 0.007414 0.006350 0.005431 0.004586 0.003568 0.002591 0.001861 0.001128 0.000531 0.000250 0.000148 0.000107 0.000084 0.000065 0.000049
0.000000 0.000000 0.000000 0.000000 0.000000 0.000000 0.000000 0.000000 0.000000 0.000000 0.000000 0.000000 0.000000 0.000000 0.000000 0.000000 0.000000 0.000000 0.000000 0.000000 0.000000 0.000000 0.000000 0.000000 0.000000 0.000000 0.000000 0.000000 0.000000 0.000000 0.000000 0.000000 0.000000 0.000000 0.000000 0.000000 0.000001 0.000115 0.001649 0.005388 0.009385 0.011824 0.012294 0.011483 0.010187 0.009066 0.007724 0.006537 0.005641 0.004837 0.003998 0.003160 0.002288 0.001627 0.001035 0.000483 0.000235 0.000137 0.000097 0.000074 0.000055 0.000040 0.000029
0.000000 0.000000 0.000000 0.000000 0.000000 0.000000 0.000000 0.000000 0.000000 0.000000 0.000000 0.000000 0.000000 0.000000 0.000000 0.000000 0.000000 0.000000 0.000000 0.000000 0.000000 0.000000 0.000000 0.000000 0.000000 0.000000 0.000000 0.000000 0.000000 0.000000 0.000000 0.000000 0.000000 0.000000 0.000000 0.000000 0.000004 0.000510 0.002515 0.005447 0.007977 0.009280 0.009346 0.008707 0.007689 0.006836 0.005823 0.005030 0.004422 0.003654 0.002757 0.001964 0.001320 0.000757 0.000357 0.000162 0.000094 0.000068 0.000051 0.000037 0.000026 0.000018 0.000011
0.000000 0.000000 0.000000 0.000000 0.000000 0.000000 0.000000 0.000000 0.000000 0.000000 0.000000 0.000000 0.000000 0.000000 0.000000 0.000000 0.000000 0.000000 0.000000 0.000000 0.000000 0.000000 0.000000 0.000000 0.000000 0.000000 0.000000 0.000000 0.000000 0.000000 0.000000 0.000000 0.000000 0.000000 0.000000 0.000001 0.000157 0.001218 0.003182 0.005222 0.006746 0.007286 0.007169 0.006590 0.005780 0.005136 0.004438 0.003802 0.003093 0.002235 0.001403 0.000803 0.000370 0.000144 0.000070 0.000044 0.000031 0.000024 0.000018 0.000012 0.000008 0.000005 0.000002
0.000000 0.000000 0.000000 0.000000 0.000000 0.000000 0.000000 0.000000 0.000000 0.000000 0.000000 0.000000 0.000000 0.000000 0.000000 0.000000 0.000000 0.000000 0.000000 0.000000 0.000000 0.000000 0.000000 0.000000 0.000000 0.000000 0.000000 0.000000 0.000000 0.000000 0.000000 0.000000 0.000000 0.000000 0.000000 0.000056 0.000622 0.001945 0.003445 0.004765 0.005573 0.005749 0.005516 0.004990 0.004355 0.003870 0.003206 0.002454 0.001671 0.000839 0.000317 0.000103 0.000033 0.000019 0.000012 0.000008 0.000005 0.000004 0.000003 0.000001 0.000000 0.000000 0.000000
0.000000 0.000000 0.000000 0.000000 0.000000 0.000000 0.000000 0.000000 0.000000 0.000000 0.000000 0.000000 0.000000 0.000000 0.000000 0.000000 0.000000 0.000000 0.000000 0.000000 0.000000 0.000000 0.000000 0.000000 0.000000 0.000000 0.000000 0.000000 0.000000 0.000000 0.000000 0.000000 0.000000 0.000001 0.000044 0.000350 0.001188 0.002273 0.003316 0.004078 0.004482 0.004483 0.004217 0.003794 0.003240 0.002701 0.001964 0.001153 0.000407 0.000095 0.000008 0.000003 0.000001 0.000000 0.000000 0.000000 0.000000 0.000000 0.000000 0.000000 0.000000 0.000000 0.000000
0.000000 0.000000 0.000000 0.000000 0.000000 0.000000 0.000000 0.000000 0.000000 0.000000 0.000000 0.000000 0.000000 0.000000 0.000000 0.000000 0.000000 0.000000 0.000000 0.000000 0.000000 0.000000 0.000000 0.000000 0.000000 0.000000 0.000000 0.000000 0.000000 0.000000 0.000000 0.000000 0.000009 0.000071 0.000295 0.000807 0.001510 0.002286 0.002925 0.003332 0.003527 0.003436 0.003197 0.002783 0.002177 0.001614 0.000846 0.000213 0.000016 0.000000 0.000000 0.000000 0.000000 0.000000 0.000000 0.000000 0.000000 0.000000 0.000000 0.000000 0.000000 0.000000 0.000000
0.000000 0.000000 0.000000 0.000000 0.000000 0.000000 0.000000 0.000000 0.000000 0.000000 0.000000 0.000000 0.000000 0.000000 0.000000 0.000000 0.000000 0.000000 0.000000 0.000000 0.000000 0.000000 0.000000 0.000000 0.000000 0.000000 0.000000 0.000000 0.000000 0.000000 0.000003 0.000020 0.000083 0.000260 0.000585 0.001034 0.001574 0.002090 0.002456 0.002681 0.002758 0.002636 0.002375 0.001938 0.001357 0.000793 0.000237 0.000004 0.000000 0.000000 0.000000 0.000000 0.000000 0.000000 0.000000 0.000000 0.000000 0.000000 0.000000 0.000000 0.000000 0.000000 0.000000
0.000000 0.000000 0.000000 0.000000 0.000000 0.000000 0.000000 0.000000 0.000000 0.000000 0.000000 0.000000 0.000000 0.000000 0.000000 0.000000 0.000000 0.000000 0.000000 0.000000 0.000000 0.000000 0.000000 0.000000 0.000000 0.000000 0.000000 0.000000 0.000000 0.000003 0.000019 0.000069 0.000182 0.000390 0.000697 0.001066 0.001446 0.001767 0.001996 0.002122 0.002148 0.001997 0.001707 0.001297 0.000780 0.000354 0.000056 0.000000 0.000000 0.000000 0.000000 0.000000 0.000000 0.000000 0.000000 0.000000 0.000000 0.000000 0.000000 0.000000 0.000000 0.000000 0.000000
0.000000 0.000000 0.000000 0.000000 0.000000 0.000000 0.000000 0.000000 0.000000 0.000000 0.000000 0.000000 0.000000 0.000000 0.000000 0.000000 0.000000 0.000000 0.000000 0.000000 0.000000 0.000000 0.000000 0.000000 0.000000 0.000000 0.000000 0.000000 0.000000 0.000003 0.000028 0.000095 0.000214 0.000410 0.000673 0.000947 0.001202 0.001417 0.001571 0.001637 0.001631 0.001457 0.001173 0.000822 0.000418 0.000153 0.000035 0.000002 0.000000 0.000000 0.000000 0.000000 0.000000 0.000000 0.000000 0.000000 0.000000 0.000000 0.000000 0.000000 0.000000 0.000000 0.000000
0.000000 0.000000 0.000000 0.000000 0.000000 0.000000 0.000000 0.000000 0.000000 0.000000 0.000000 0.000000 0.000000 0.000000 0.000000 0.000000 0.000000 0.000000 0.000000 0.000000 0.000000 0.000000 0.000000 0.000000 0.000000 0.000000 0.000000 0.000000 0.000000 0.000001 0.000021 0.000079 0.000183 0.000339 0.000538 0.000745 0.000926 0.001078 0.001173 0.001199 0.001167 0.000996 0.000751 0.000487 0.000215 0.000066 0.000023 0.000006 0.000000 0.000000 0.000000 0.000000 0.000000 0.000000 0.000000 0.000000 0.000000 0.000000 0.000000 0.000000 0.000000 0.000000 0.000000
0.000000 0.000000 0.000000 0.000000 0.000000 0.000000 0.000000 0.000000 0.000000 0.000000 0.000000 0.000000 0.000000 0.000000 0.000000 0.000000 0.000000 0.000000 0.000000 0.000000 0.000000 0.000000 0.000000 0.000000 0.000000 0.000000 0.000000 0.000000 0.000000 0.000000 0.000008 0.000044 0.000118 0.000224 0.000359 0.000511 0.000645 0.000753 0.000808 0.000805 0.000767 0.000631 0.000444 0.000276 0.000118 0.000045 0.000019 0.000006 0.000001 0.000000 0.000000 0.000000 0.000000 0.000000 0.000000 0.000000 0.000000 0.000000 0.000000 0.000000 0.000000 0.000000 0.000000
