example_output/2023Oct12/DepositFiles/ESRI_ASCII/Run00001.txt
NCOLS   360
NROWS   176
XLLCORNER           0.000
YLLCORNER         -88.000
CELLSIZE           1.000          1.000
NODATA_VALUE  0.000
[rows 0 to 27 of 176, columns 189 to 251 of 360]
0.000000 0.000000 0.000000 0.000000 0.000000 0.000000 0.000000 0.000000 0.000000 0.000000 0.000000 0.000000 0.000000 0.000000 0.000000 0.000000 0.000000 0.000000 0.000000 0.000000 0.000000 0.000000 0.000000 0.000000 0.000000 0.000000 0.000000 0.000000 0.000000 0.000000 0.000000 0.000000 0.000000 0.000000 0.000000 0.000000 0.000000 0.000000 0.000000 0.000000 0.000000 0.000000 0.000000 0.000000 0.000000 0.000000 0.000000 0.000000 0.000000 0.000000 0.000000 0.000000 0.000000 0.000000 0.000000 0.000000 0.000000 0.000000 0.000000 0.000000 0.000000 0.000000 0.000000
0.000000 0.000000 0.000000 0.000000 0.000000 0.000000 0.000000 0.000000 0.000000 0.000000 0.000000 0.000000 0.000000 0.000000 0.000000 0.000000 0.000000 0.000000 0.000000 0.000000 0.000000 0.000000 0.000000 0.000000 0.000000 0.000000 0.000000 0.000000 0.000000 0.000000 0.000000 0.000000 0.000000 0.000000 0.000000 0.000000 0.000000 0.000000 0.000000 0.000000 0.000000 0.000000 0.000000 0.000000 0.000000 0.000000 0.000000 0.000000 0.000000 0.000000 0.000000 0.000000 0.000000 0.000000 0.000000 0.000000 0.000000 0.000000 0.000000 0.000000 0.000000 0.000000 0.000000
0.000000 0.000000 0.000000 0.000000 0.000000 0.000000 0.000000 0.000000 0.000000 0.000000 0.000000 0.000000 0.000000 0.000000 0.000000 0.000000 0.000000 0.000000 0.000000 0.000000 0.000000 0.000000 0.000000 0.000000 0.000000 0.000000 0.000000 0.000000 0.000000 0.000000 0.000000 0.000000 0.000000 0.000000 0.000000 0.000001 0.000002 0.000003 0.000003 0.000004 0.000004 0.000005 0.000005 0.000004 0.000004 0.000003 0.000002 0.000001 0.000001 0.000000 0.000000 0.000000 0.000000 0.000000 0.000000 0.000000 0.000000 0.000000 0.000000 0.000000 0.000000 0.000000 0.000000
0.000000 0.000000 0.000000 0.000000 0.000000 0.000000 0.000000 0.000000 0.000000 0.000000 0.000000 0.000000 0.000000 0.000000 0.000000 0.000000 0.000000 0.000000 0.000000 0.000000 0.000000 0.000000 0.000000 0.000000 0.000000 0.000000 0.000000 0.000000 0.000001 0.000002 0.000004 0.000006 0.000009 0.000012 0.000015 0.000018 0.000020 0.000022 0.000023 0.000023 0.000023 0.000022 0.000020 0.000019 0.000017 0.000015 0.000013 0.000010 0.000008 0.000006 0.000005 0.000004 0.000003 0.000003 0.000002 0.000002 0.000002 0.000001 0.000001 0.000000 0.000000 0.000000 0.000000
0.000000 0.000000 0.000000 0.000000 0.000000 0.000000 0.000000 0.000000 0.000000 0.000000 0.000000 0.000000 0.000000 0.000000 0.000000 0.000000 0.000000 0.000000 0.000000 0.000000 0.000000 0.000000 0.000000 0.000000 0.000000 0.000000 0.000001 0.000004 0.000008 0.000013 0.000019 0.000026 0.000033 0.000040 0.000046 0.000052 0.000056 0.000058 0.000060 0.000060 0.000059 0.000058 0.000055 0.000052 0.000049 0.000045 0.000041 0.000035 0.000029 0.000024 0.000020 0.000016 0.000012 0.000011 0.000009 0.000008 0.000007 0.000006 0.000005 0.000004 0.000004 0.000003 0.000002
0.000000 0.000000 0.000000 0.000000 0.000000 0.000000 0.000000 0.000000 0.000000 0.000000 0.000000 0.000000 0.000000 0.000000 0.000000 0.000000 0.000000 0.000000 0.000000 0.000000 0.000000 0.000000 0.000000 0.000000 0.000002 0.000006 0.000011 0.000019 0.000029 0.000040 0.000051 0.000063 0.000075 0.000086 0.000097 0.000107 0.000115 0.000122 0.000127 0.000129 0.000130 0.000129 0.000126 0.000121 0.000115 0.000108 0.000100 0.000092 0.000083 0.000074 0.000063 0.000051 0.000041 0.000034 0.000025 0.000020 0.000018 0.000016 0.000014 0.000012 0.000010 0.000009 0.000008
0.000000 0.000000 0.000000 0.000000 0.000000 0.000000 0.000000 0.000000 0.000000 0.000000 0.000000 0.000000 0.000000 0.000000 0.000000 0.000000 0.000000 0.000000 0.000000 0.000000 0.000000 0.000000 0.000000 0.000000 0.000003 0.000007 0.000014 0.000025 0.000039 0.000055 0.000076 0.000100 0.000129 0.000162 0.000198 0.000236 0.000273 0.000307 0.000336 0.000360 0.000375 0.000382 0.000381 0.000367 0.000350 0.000326 0.000296 0.000264 0.000233 0.000203 0.000176 0.000151 0.000126 0.000102 0.000079 0.000059 0.000044 0.000034 0.000028 0.000025 0.000021 0.000019 0.000016
0.000000 0.000000 0.000000 0.000000 0.000000 0.000000 0.000000 0.000000 0.000000 0.000000 0.000000 0.000000 0.000000 0.000000 0.000000 0.000000 0.000000 0.000000 0.000000 0.000000 0.000000 0.000000 0.000000 0.000000 0.000003 0.000007 0.000014 0.000029 0.000053 0.000089 0.000142 0.000213 0.000299 0.000397 0.000502 0.000610 0.000717 0.000819 0.000912 0.000996 0.001061 0.001108 0.001136 0.001142 0.001129 0.001100 0.001051 0.000985 0.000903 0.000811 0.000712 0.000612 0.000517 0.000427 0.000347 0.000278 0.000219 0.000170 0.000131 0.000100 0.000076 0.000057 0.000042
0.000000 0.000000 0.000000 0.000000 0.000000 0.000000 0.000000 0.000000 0.000001 0.000001 0.000001 0.000001 0.000001 0.000001 0.000001 0.000001 0.000001 0.000001 0.000001 0.000002 0.000002 0.000002 0.000002 0.000002 0.000004 0.000009 0.000019 0.000052 0.000110 0.000202 0.000329 0.000487 0.000670 0.000871 0.001082 0.001292 0.001496 0.001689 0.001860 0.002008 0.002118 0.002205 0.002256 0.002272 0.002267 0.002237 0.002184 0.002111 0.002013 0.001896 0.001758 0.001603 0.001439 0.001268 0.001095 0.000929 0.000779 0.000653 0.000543 0.000454 0.000381 0.000319 0.000265
0.000001 0.000001 0.000001 0.000001 0.000002 0.000002 0.000002 0.000002 0.000002 0.000002 0.000003 0.000003 0.000003 0.000003 0.000003 0.000004 0.000004 0.000004 0.000004 0.000005 0.000006 0.000006 0.000007 0.000009 0.000013 0.000027 0.000068 0.000156 0.000301 0.000511 0.000773 0.001070 0.001384 0.001702 0.002020 0.002316 0.002585 0.002818 0.003004 0.003149 0.003246 0.003321 0.003367 0.003377 0.003368 0.003321 0.003246 0.003152 0.003035 0.002908 0.002758 0.002585 0.002395 0.002181 0.001966 0.001745 0.001522 0.001316 0.001117 0.000954 0.000825 0.000716 0.000631
0.000001 0.000002 0.000002 0.000002 0.000002 0.000002 0.000002 0.000002 0.000003 0.000003 0.000003 0.000003 0.000003 0.000004 0.000004 0.000004 0.000005 0.000009 0.000017 0.000037 0.000076 0.000141 0.000237 0.000370 0.000551 0.000787 0.001080 0.001419 0.001786 0.002157 0.002525 0.002902 0.003276 0.003623 0.003939 0.004187 0.004402 0.004568 0.004689 0.004748 0.004758 0.004750 0.004725 0.004679 0.004619 0.004529 0.004409 0.004255 0.004066 0.003870 0.003665 0.003445 0.003216 0.002953 0.002683 0.002420 0.002145 0.001886 0.001616 0.001378 0.001187 0.001024 0.000905
0.000001 0.000001 0.000001 0.000001 0.000001 0.000002 0.000002 0.000002 0.000002 0.000002 0.000002 0.000002 0.000002 0.000002 0.000003 0.000005 0.000013 0.000046 0.000140 0.000337 0.000677 0.001169 0.001785 0.002498 0.003280 0.004063 0.004829 0.005538 0.006137 0.006662 0.007047 0.007302 0.007373 0.007368 0.007311 0.007223 0.007150 0.007088 0.007047 0.006962 0.006814 0.006655 0.006472 0.006274 0.006070 0.005851 0.005637 0.005404 0.005128 0.004835 0.004541 0.004261 0.003990 0.003688 0.003377 0.003067 0.002751 0.002440 0.002100 0.001787 0.001510 0.001264 0.001091
0.000002 0.000002 0.000002 0.000002 0.000002 0.000002 0.000002 0.000002 0.000002 0.000003 0.000003 0.000003 0.000003 0.000004 0.000010 0.000029 0.000095 0.000302 0.000736 0.001432 0.002348 0.003431 0.004650 0.005966 0.007335 0.008577 0.009767 0.010811 0.011727 0.012437 0.012899 0.013199 0.013082 0.012859 0.012465 0.011929 0.011346 0.010776 0.010254 0.009769 0.009251 0.008764 0.008266 0.007802 0.007371 0.006960 0.006603 0.006285 0.005974 0.005654 0.005316 0.004997 0.004707 0.004397 0.004082 0.003750 0.003407 0.003081 0.002713 0.002352 0.001997 0.001633 0.001362
0.000003 0.000003 0.000003 0.000003 0.000004 0.000004 0.000004 0.000004 0.000005 0.000006 0.000007 0.000010 0.000017 0.000039 0.000097 0.000244 0.000585 0.001205 0.002124 0.003279 0.004616 0.006097 0.007655 0.009212 0.010697 0.012166 0.013570 0.014871 0.016017 0.016952 0.017662 0.018157 0.018417 0.018319 0.018003 0.017350 0.016454 0.015305 0.014123 0.012895 0.011715 0.010681 0.009776 0.008994 0.008321 0.007728 0.007248 0.006843 0.006487 0.006172 0.005854 0.005554 0.005271 0.004985 0.004720 0.004436 0.004107 0.003785 0.003422 0.003052 0.002665 0.002207 0.001814
0.000004 0.000005 0.000006 0.000007 0.000008 0.000009 0.000010 0.000011 0.000015 0.000022 0.000037 0.000072 0.000144 0.000275 0.000494 0.000840 0.001355 0.002087 0.003003 0.004141 0.005543 0.007130 0.008928 0.010803 0.012662 0.014490 0.016214 0.017792 0.019153 0.020163 0.020901 0.021380 0.021564 0.021492 0.021193 0.020630 0.019892 0.018814 0.017520 0.016021 0.014428 0.012910 0.011554 0.010403 0.009471 0.008645 0.008007 0.007492 0.007035 0.006665 0.006325 0.006041 0.005785 0.005494 0.005268 0.005046 0.004796 0.004538 0.004223 0.003905 0.003519 0.003038 0.002552
0.000008 0.000011 0.000014 0.000017 0.000020 0.000024 0.000029 0.000041 0.000067 0.000118 0.000206 0.000337 0.000519 0.000753 0.001054 0.001439 0.001910 0.002530 0.003363 0.004557 0.006165 0.008132 0.010468 0.012948 0.015328 0.017573 0.019543 0.021109 0.022311 0.022694 0.022655 0.022473 0.022047 0.021503 0.020984 0.020501 0.020142 0.019710 0.019112 0.018251 0.017084 0.015743 0.014266 0.012809 0.011527 0.010345 0.009377 0.008626 0.007975 0.007472 0.007014 0.006635 0.006349 0.006017 0.005767 0.005544 0.005325 0.005138 0.004891 0.004700 0.004434 0.004015 0.003544
0.000017 0.000022 0.000027 0.000033 0.000039 0.000048 0.000064 0.000099 0.000162 0.000263 0.000405 0.000583 0.000796 0.001033 0.001315 0.001664 0.002090 0.002705 0.003593 0.004929 0.006924 0.009625 0.012906 0.016199 0.019085 0.021488 0.023251 0.024295 0.024700 0.024206 0.023003 0.021712 0.020319 0.019167 0.018308 0.017704 0.017491 0.017458 0.017631 0.017810 0.017716 0.017420 0.016769 0.015823 0.014649 0.013273 0.011964 0.010857 0.009871 0.009123 0.008436 0.007800 0.007332 0.006868 0.006534 0.006221 0.005934 0.005742 0.005489 0.005373 0.005279 0.004998 0.004680
0.000023 0.000029 0.000034 0.000039 0.000046 0.000058 0.000082 0.000129 0.000205 0.000311 0.000450 0.000619 0.000828 0.001068 0.001358 0.001729 0.002205 0.002936 0.004097 0.006116 0.009466 0.013675 0.018004 0.021467 0.023720 0.024945 0.025479 0.024800 0.023586 0.021887 0.019653 0.017619 0.015695 0.014397 0.013576 0.012871 0.012674 0.012680 0.012992 0.013584 0.014229 0.014907 0.015466 0.015856 0.016003 0.015543 0.014647 0.013559 0.012411 0.011424 0.010542 0.009733 0.009098 0.008445 0.007981 0.007537 0.007073 0.006806 0.006427 0.006242 0.006196 0.005985 0.005796
0.000028 0.000032 0.000035 0.000039 0.000046 0.000061 0.000089 0.000141 0.000220 0.000329 0.000488 0.000707 0.000996 0.001371 0.001901 0.002707 0.004003 0.006155 0.009607 0.014476 0.019706 0.023583 0.025833 0.026613 0.026008 0.024345 0.022362 0.019696 0.017070 0.014606 0.012280 0.010410 0.008769 0.007581 0.006788 0.006087 0.005759 0.005611 0.005775 0.006268 0.006945 0.008070 0.009511 0.011150 0.012585 0.013716 0.014433 0.014621 0.014209 0.013485 0.012628 0.011791 0.011067 0.010323 0.009812 0.009343 0.008763 0.008426 0.007952 0.007635 0.007595 0.007342 0.007200
0.000026 0.000027 0.000029 0.000035 0.000047 0.000068 0.000109 0.000196 0.000355 0.000636 0.001081 0.001747 0.002784 0.004443 0.007049 0.010543 0.014709 0.019373 0.023498 0.025857 0.026088 0.025018 0.022732 0.020223 0.017386 0.014493 0.011943 0.009687 0.007918 0.006503 0.005301 0.004426 0.003670 0.003079 0.002742 0.002451 0.002337 0.002281 0.002338 0.002517 0.002720 0.003113 0.003676 0.004558 0.005946 0.007774 0.009813 0.011548 0.012718 0.013251 0.013147 0.012688 0.012175 0.011531 0.011165 0.010802 0.010291 0.010052 0.009628 0.009255 0.009273 0.009070 0.009024
0.000022 0.000025 0.000033 0.000049 0.000076 0.000139 0.000289 0.000648 0.001331 0.002549 0.004565 0.007754 0.011990 0.016387 0.020712 0.023594 0.024862 0.024873 0.023232 0.020622 0.017690 0.014578 0.011414 0.008820 0.006779 0.005137 0.003935 0.003022 0.002381 0.001925 0.001566 0.001314 0.001120 0.000977 0.000896 0.000833 0.000816 0.000813 0.000848 0.000934 0.001020 0.001169 0.001363 0.001656 0.002138 0.002803 0.003812 0.005191 0.006814 0.008555 0.009894 0.010717 0.011085 0.010797 0.010570 0.010443 0.010205 0.010318 0.010286 0.010305 0.010598 0.010566 0.010657
0.000025 0.000037 0.000058 0.000095 0.000184 0.000413 0.001254 0.003104 0.006410 0.011343 0.017211 0.022618 0.026114 0.026767 0.025624 0.022303 0.019822 0.016843 0.013175 0.009556 0.006449 0.004284 0.002829 0.001734 0.001170 0.000774 0.000532 0.000376 0.000276 0.000215 0.000173 0.000143 0.000121 0.000109 0.000103 0.000100 0.000103 0.000108 0.000118 0.000138 0.000166 0.000209 0.000263 0.000338 0.000460 0.000649 0.000933 0.001327 0.001922 0.002903 0.004327 0.006151 0.007866 0.008922 0.009474 0.009459 0.009393 0.009743 0.009893 0.010081 0.010637 0.010940 0.011416
0.000037 0.000059 0.000098 0.000183 0.000424 0.001877 0.005259 0.010457 0.016492 0.022122 0.026032 0.026492 0.024614 0.022213 0.019112 0.013836 0.010421 0.006928 0.003479 0.001809 0.000780 0.000337 0.000169 0.000085 0.000051 0.000031 0.000020 0.000014 0.000010 0.000008 0.000007 0.000005 0.000005 0.000004 0.000004 0.000004 0.000004 0.000005 0.000005 0.000006 0.000008 0.000011 0.000013 0.000018 0.000029 0.000057 0.000131 0.000230 0.000377 0.000639 0.001091 0.001894 0.003198 0.004938 0.006767 0.008080 0.008693 0.008830 0.008716 0.008927 0.009930 0.010590 0.011396
0.000052 0.000083 0.000140 0.000275 0.001689 0.005861 0.011391 0.017618 0.022927 0.026095 0.026826 0.025986 0.024014 0.020503 0.014053 0.006083 0.002371 0.000881 0.000199 0.000050 0.000015 0.000007 0.000003 0.000001 0.000000 0.000000 0.000000 0.000000 0.000000 0.000000 0.000000 0.000000 0.000000 0.000000 0.000000 0.000000 0.000000 0.000000 0.000000 0.000000 0.000000 0.000000 0.000000 0.000000 0.000000 0.000001 0.000008 0.000024 0.000056 0.000124 0.000240 0.000434 0.000802 0.001485 0.002708 0.004364 0.006126 0.007510 0.007975 0.008172 0.008716 0.009622 0.011121
0.000064 0.000096 0.000175 0.000843 0.004388 0.009598 0.015732 0.021679 0.025888 0.028330 0.029149 0.027654 0.022989 0.016388 0.006665 0.000480 0.000122 0.000018 0.000004 0.000000 0.000000 0.000000 0.000000 0.000000 0.000000 0.000000 0.000000 0.000000 0.000000 0.000000 0.000000 0.000000 0.000000 0.000000 0.000000 0.000000 0.000000 0.000000 0.000000 0.000000 0.000000 0.000000 0.000000 0.000000 0.000000 0.000000 0.000000 0.000000 0.000004 0.000011 0.000028 0.000066 0.000151 0.000332 0.000713 0.001438 0.002716 0.004538 0.006220 0.007613 0.008242 0.009053 0.010429
0.000069 0.000105 0.000277 0.002193 0.006777 0.012334 0.018185 0.023990 0.028418 0.030587 0.031157 0.030489 0.023067 0.012354 0.002537 0.000081 0.000014 0.000001 0.000000 0.000000 0.000000 0.000000 0.000000 0.000000 0.000000 0.000000 0.000000 0.000000 0.000000 0.000000 0.000001 0.000000 0.000000 0.000000 0.000000 0.000000 0.000000 0.000000 0.000000 0.000000 0.000000 0.000000 0.000000 0.000000 0.000000 0.000000 0.000000 0.000000 0.000000 0.000000 0.000000 0.000003 0.000010 0.000030 0.000095 0.000282 0.000764 0.001736 0.003214 0.005182 0.006954 0.008483 0.009911
0.000074 0.000121 0.000562 0.003734 0.008445 0.013448 0.019543 0.026195 0.030913 0.033440 0.035303 0.036640 0.029141 0.013224 0.000828 0.000079 0.000015 0.000002 0.000000 0.000000 0.000000 0.000000 0.000000 0.000000 0.000000 0.000000 0.000000 0.000000 0.000000 0.000001 0.000001 0.000001 0.000000 0.000000 0.000000 0.000000 0.000000 0.000000 0.000000 0.000000 0.000000 0.000000 0.000000 0.000000 0.000000 0.000000 0.000000 0.000000 0.000000 0.000000 0.000000 0.000000 0.000000 0.000000 0.000003 0.000015 0.000067 0.000277 0.000856 0.002069 0.003818 0.005964 0.008611
0.000077 0.000138 0.001189 0.004875 0.008726 0.013585 0.020981 0.028562 0.032848 0.035230 0.037939 0.039851 0.036453 0.014937 0.000685 0.000102 0.000027 0.000008 0.000000 0.000000 0.000000 0.000000 0.000000 0.000000 0.000000 0.000000 0.000000 0.000000 0.000000 0.000001 0.000002 0.000001 0.000001 0.000000 0.000000 0.000000 0.000000 0.000000 0.000000 0.000000 0.000000 0.000000 0.000000 0.000000 0.000000 0.000000 0.000000 0.000000 0.000000 0.000000 0.000000 0.000000 0.000000 0.000000 0.000000 0.000000 0.000001 0.000013 0.000082 0.000388 0.001237 0.002832 0.005226
