example_output/2023Oct12/DepositFiles/ESRI_ASCII/Run00002.txt
NCOLS   360
NROWS   176
XLLCORNER           0.000
YLLCORNER         -88.000
CELLSIZE           1.000          1.000
NODATA_VALUE  0.000
[rows 28 to 55 of 176, columns 252 to 314 of 360]
0.000037 0.000023 0.000013 0.000008 0.000005 0.000003 0.000002 0.000000 0.000000 0.000000 0.000000 0.000000 0.000000 0.000000 0.000000 0.000000 0.000000 0.000000 0.000000 0.000000 0.000000 0.000000 0.000000 0.000000 0.000000 0.000000 0.000000 0.000000 0.000000 0.000000 0.000000 0.000000 0.000000 0.000000 0.000000 0.000000 0.000000 0.000000 0.000000 0.000000 0.000000 0.000000 0.000000 0.000000 0.000000 0.000000 0.000000 0.000000 0.000000 0.000000 0.000000 0.000000 0.000000 0.000001 0.000006 0.000004 0.000000 0.000000 0.000000 0.000000 0.000000 0.000002 0.000010
0.000102 0.000074 0.000051 0.000033 0.000022 0.000014 0.000009 0.000006 0.000004 0.000002 0.000001 0.000000 0.000000 0.000000 0.000000 0.000000 0.000000 0.000000 0.000000 0.000000 0.000000 0.000000 0.000000 0.000000 0.000000 0.000000 0.000000 0.000000 0.000000 0.000000 0.000000 0.000000 0.000000 0.000000 0.000000 0.000000 0.000000 0.000000 0.000000 0.000000 0.000000 0.000000 0.000000 0.000000 0.000000 0.000000 0.000000 0.000000 0.000000 0.000000 0.000000 0.000000 0.000000 0.000000 0.000004 0.000006 0.000001 0.000000 0.000000 0.000000 0.000000 0.000006 0.000029
0.000285 0.000171 0.000117 0.000084 0.000062 0.000044 0.000030 0.000021 0.000014 0.000009 0.000006 0.000003 0.000001 0.000000 0.000000 0.000000 0.000000 0.000000 0.000000 0.000000 0.000000 0.000000 0.000000 0.000000 0.000000 0.000000 0.000000 0.000000 0.000000 0.000000 0.000000 0.000000 0.000000 0.000000 0.000000 0.000000 0.000000 0.000000 0.000000 0.000000 0.000000 0.000000 0.000000 0.000000 0.000000 0.000000 0.000000 0.000000 0.000000 0.000000 0.000000 0.000000 0.000000 0.000000 0.000002 0.000007 0.000006 0.000000 0.000000 0.000000 0.000002 0.000023 0.000067
0.001588 0.001074 0.000718 0.000420 0.000270 0.000155 0.000101 0.000068 0.000047 0.000032 0.000019 0.000012 0.000007 0.000003 0.000002 0.000000 0.000000 0.000000 0.000000 0.000000 0.000000 0.000000 0.000000 0.000000 0.000000 0.000000 0.000000 0.000000 0.000000 0.000000 0.000000 0.000000 0.000000 0.000000 0.000000 0.000000 0.000000 0.000000 0.000000 0.000000 0.000000 0.000000 0.000000 0.000000 0.000000 0.000000 0.000000 0.000000 0.000000 0.000000 0.000000 0.000000 0.000000 0.000000 0.000000 0.000004 0.000008 0.000006 0.000002 0.000000 0.000005 0.000020 0.000060
0.004162 0.003429 0.002686 0.001965 0.001348 0.000858 0.000524 0.000321 0.000192 0.000124 0.000072 0.000040 0.000019 0.000008 0.000004 0.000003 0.000002 0.000001 0.000000 0.000000 0.000000 0.000000 0.000000 0.000000 0.000000 0.000000 0.000000 0.000000 0.000000 0.000000 0.000000 0.000000 0.000000 0.000000 0.000000 0.000000 0.000000 0.000000 0.000000 0.000000 0.000000 0.000000 0.000000 0.000000 0.000000 0.000000 0.000000 0.000000 0.000000 0.000000 0.000000 0.000000 0.000000 0.000000 0.000000 0.000001 0.000006 0.000009 0.000009 0.000008 0.000010 0.000014 0.000037
0.008439 0.007301 0.006157 0.005065 0.003997 0.002988 0.002130 0.001457 0.000977 0.000689 0.000467 0.000326 0.000228 0.000151 0.000098 0.000062 0.000038 0.000027 0.000020 0.000016 0.000014 0.000015 0.000018 0.000023 0.000028 0.000030 0.000028 0.000022 0.000015 0.000007 0.000003 0.000000 0.000000 0.000000 0.000000 0.000000 0.000000 0.000000 0.000000 0.000000 0.000000 0.000000 0.000000 0.000000 0.000000 0.000000 0.000000 0.000000 0.000000 0.000000 0.000000 0.000000 0.000000 0.000000 0.000000 0.000000 0.000002 0.000006 0.000009 0.000011 0.000012 0.000016 0.000023
0.014081 0.012755 0.011218 0.009626 0.008221 0.006803 0.005608 0.004490 0.003415 0.002544 0.001880 0.001471 0.001194 0.000962 0.000795 0.000667 0.000562 0.000498 0.000446 0.000417 0.000404 0.000403 0.000405 0.000394 0.000377 0.000340 0.000286 0.000230 0.000167 0.000110 0.000068 0.000033 0.000015 0.000005 0.000001 0.000000 0.000000 0.000000 0.000000 0.000000 0.000000 0.000000 0.000000 0.000000 0.000000 0.000000 0.000000 0.000000 0.000000 0.000000 0.000000 0.000000 0.000000 0.000000 0.000000 0.000000 0.000000 0.000001 0.000004 0.000009 0.000014 0.000017 0.000020
0.015393 0.014953 0.014343 0.013033 0.011587 0.009866 0.008563 0.007506 0.006401 0.005492 0.004528 0.003727 0.003137 0.002602 0.002249 0.001985 0.001759 0.001621 0.001497 0.001394 0.001316 0.001254 0.001200 0.001135 0.001061 0.000957 0.000817 0.000673 0.000515 0.000367 0.000249 0.000152 0.000090 0.000049 0.000024 0.000011 0.000004 0.000000 0.000000 0.000000 0.000000 0.000000 0.000000 0.000000 0.000000 0.000000 0.000000 0.000000 0.000000 0.000000 0.000000 0.000000 0.000000 0.000000 0.000000 0.000000 0.000000 0.000000 0.000000 0.000001 0.000004 0.000007 0.000010
0.016117 0.015398 0.014713 0.013608 0.012825 0.011228 0.009985 0.009135 0.008030 0.007298 0.006394 0.005588 0.005113 0.004487 0.003945 0.003500 0.003078 0.002794 0.002576 0.002378 0.002237 0.002129 0.002031 0.001928 0.001776 0.001584 0.001368 0.001137 0.000894 0.000675 0.000495 0.000345 0.000234 0.000151 0.000095 0.000059 0.000035 0.000019 0.000009 0.000004 0.000002 0.000001 0.000000 0.000000 0.000000 0.000000 0.000000 0.000000 0.000000 0.000000 0.000000 0.000000 0.000000 0.000000 0.000000 0.000000 0.000000 0.000000 0.000000 0.000000 0.000000 0.000000 0.000002
0.016557 0.016311 0.015820 0.014477 0.013829 0.012081 0.010717 0.010354 0.009315 0.008747 0.007959 0.006952 0.006379 0.005683 0.005034 0.004576 0.004109 0.003714 0.003402 0.003108 0.002895 0.002757 0.002624 0.002510 0.002358 0.002144 0.001894 0.001604 0.001278 0.000988 0.000745 0.000547 0.000402 0.000292 0.000208 0.000147 0.000102 0.000068 0.000042 0.000024 0.000012 0.000007 0.000004 0.000003 0.000002 0.000001 0.000000 0.000000 0.000000 0.000000 0.000000 0.000000 0.000000 0.000000 0.000000 0.000000 0.000000 0.000000 0.000000 0.000000 0.000000 0.000000 0.000000
0.013740 0.015389 0.016173 0.015870 0.015803 0.014233 0.012433 0.011891 0.010705 0.010040 0.009500 0.008464 0.007728 0.007041 0.006363 0.005887 0.005373 0.004890 0.004483 0.004066 0.003730 0.003480 0.003249 0.003054 0.002838 0.002586 0.002315 0.002000 0.001633 0.001297 0.001000 0.000749 0.000560 0.000418 0.000313 0.000234 0.000173 0.000126 0.000089 0.000060 0.000038 0.000023 0.000015 0.000011 0.000010 0.000009 0.000008 0.000008 0.000007 0.000005 0.000003 0.000001 0.000000 0.000000 0.000000 0.000000 0.000000 0.000000 0.000000 0.000000 0.000000 0.000000 0.000000
0.008174 0.012026 0.015356 0.016430 0.017624 0.017125 0.015757 0.015182 0.013779 0.012748 0.012197 0.010909 0.009876 0.009007 0.008175 0.007580 0.006959 0.006340 0.005786 0.005206 0.004704 0.004284 0.003890 0.003563 0.003242 0.002910 0.002580 0.002217 0.001830 0.001481 0.001164 0.000895 0.000681 0.000513 0.000389 0.000297 0.000229 0.000178 0.000141 0.000114 0.000092 0.000076 0.000065 0.000059 0.000058 0.000058 0.000060 0.000064 0.000065 0.000064 0.000060 0.000047 0.000031 0.000014 0.000007 0.000003 0.000002 0.000002 0.000003 0.000008 0.000017 0.000030 0.000046
0.001631 0.005031 0.009428 0.012624 0.015065 0.015836 0.016010 0.017076 0.016701 0.016307 0.015747 0.014184 0.013022 0.012001 0.010862 0.009909 0.008921 0.008028 0.007263 0.006469 0.005737 0.005084 0.004474 0.003965 0.003508 0.003093 0.002706 0.002300 0.001885 0.001519 0.001202 0.000940 0.000728 0.000557 0.000429 0.000347 0.000301 0.000270 0.000250 0.000245 0.000234 0.000241 0.000259 0.000279 0.000312 0.000336 0.000364 0.000395 0.000408 0.000428 0.000413 0.000389 0.000376 0.000334 0.000289 0.000232 0.000205 0.000198 0.000198 0.000211 0.000223 0.000247 0.000275
0.000014 0.000207 0.001324 0.003558 0.006850 0.010176 0.012481 0.014700 0.015229 0.016071 0.016439 0.015865 0.015461 0.014760 0.013697 0.012632 0.011427 0.010182 0.009036 0.007905 0.006861 0.005919 0.005057 0.004320 0.003675 0.003147 0.002689 0.002263 0.001875 0.001530 0.001228 0.000980 0.000797 0.000677 0.000610 0.000583 0.000577 0.000576 0.000584 0.000603 0.000590 0.000606 0.000633 0.000657 0.000701 0.000734 0.000798 0.000884 0.000977 0.001073 0.001094 0.001082 0.001050 0.000979 0.000915 0.000825 0.000753 0.000722 0.000685 0.000683 0.000694 0.000726 0.000746
0.000002 0.000003 0.000010 0.000152 0.000822 0.001738 0.004172 0.006866 0.009556 0.011959 0.013157 0.013497 0.013941 0.013986 0.013587 0.013062 0.012121 0.010910 0.009597 0.008233 0.006970 0.005842 0.004870 0.004061 0.003368 0.002835 0.002375 0.001985 0.001650 0.001370 0.001178 0.001058 0.000991 0.000962 0.000944 0.000931 0.000943 0.000956 0.000957 0.000964 0.000936 0.000942 0.000959 0.000977 0.001027 0.001083 0.001187 0.001282 0.001370 0.001424 0.001396 0.001368 0.001316 0.001241 0.001175 0.001082 0.000993 0.000925 0.000839 0.000766 0.000691 0.000610 0.000539
0.000000 0.000000 0.000000 0.000001 0.000011 0.000087 0.000295 0.000964 0.002968 0.004998 0.007267 0.008971 0.010433 0.011247 0.011543 0.011471 0.010881 0.009928 0.008754 0.007438 0.006179 0.005047 0.004118 0.003365 0.002743 0.002267 0.001863 0.001545 0.001328 0.001208 0.001172 0.001184 0.001199 0.001235 0.001287 0.001289 0.001319 0.001324 0.001303 0.001295 0.001243 0.001242 0.001262 0.001290 0.001334 0.001373 0.001443 0.001494 0.001510 0.001481 0.001385 0.001292 0.001177 0.001047 0.000939 0.000811 0.000709 0.000624 0.000525 0.000445 0.000367 0.000287 0.000217
0.000000 0.000000 0.000000 0.000000 0.000000 0.000000 0.000010 0.000078 0.000805 0.001985 0.003397 0.005296 0.007190 0.008363 0.009136 0.009450 0.009218 0.008591 0.007603 0.006436 0.005298 0.004282 0.003484 0.002834 0.002291 0.001864 0.001523 0.001337 0.001262 0.001259 0.001273 0.001304 0.001343 0.001413 0.001516 0.001529 0.001582 0.001597 0.001569 0.001556 0.001489 0.001462 0.001455 0.001444 0.001453 0.001442 0.001442 0.001404 0.001332 0.001233 0.001083 0.000950 0.000814 0.000682 0.000584 0.000475 0.000400 0.000336 0.000269 0.000215 0.000160 0.000110 0.000072
0.000000 0.000000 0.000000 0.000000 0.000000 0.000002 0.000034 0.000281 0.000803 0.001526 0.002099 0.003209 0.004609 0.005679 0.006516 0.007065 0.007160 0.006940 0.006332 0.005433 0.004483 0.003646 0.002998 0.002437 0.001959 0.001586 0.001387 0.001405 0.001426 0.001446 0.001499 0.001607 0.001690 0.001773 0.001869 0.001833 0.001877 0.001884 0.001843 0.001823 0.001717 0.001641 0.001570 0.001486 0.001423 0.001344 0.001277 0.001182 0.001057 0.000926 0.000772 0.000655 0.000552 0.000457 0.000391 0.000319 0.000264 0.000221 0.000173 0.000133 0.000098 0.000070 0.000050
0.000000 0.000000 0.000000 0.000000 0.000000 0.000013 0.000086 0.000313 0.000746 0.001312 0.001838 0.002450 0.003246 0.004031 0.004768 0.005410 0.005888 0.006062 0.005759 0.005135 0.004397 0.003717 0.003179 0.002682 0.002233 0.001899 0.001795 0.001810 0.001948 0.002052 0.002106 0.002233 0.002285 0.002333 0.002408 0.002351 0.002372 0.002326 0.002223 0.002145 0.001960 0.001805 0.001685 0.001535 0.001412 0.001275 0.001160 0.001043 0.000908 0.000797 0.000671 0.000574 0.000503 0.000428 0.000372 0.000311 0.000256 0.000213 0.000172 0.000138 0.000110 0.000088 0.000067
0.000000 0.000000 0.000000 0.000000 0.000003 0.000030 0.000129 0.000358 0.000718 0.001162 0.001552 0.002006 0.002586 0.003141 0.003768 0.004366 0.005014 0.005457 0.005444 0.005035 0.004467 0.003969 0.003633 0.003342 0.003138 0.003031 0.003001 0.002955 0.002943 0.002966 0.002949 0.003026 0.003003 0.002956 0.002936 0.002762 0.002692 0.002595 0.002425 0.002303 0.002071 0.001868 0.001704 0.001520 0.001378 0.001219 0.001090 0.000974 0.000841 0.000743 0.000631 0.000537 0.000470 0.000400 0.000342 0.000287 0.000235 0.000194 0.000159 0.000127 0.000099 0.000070 0.000044
0.000000 0.000000 0.000000 0.000000 0.000007 0.000043 0.000150 0.000366 0.000659 0.001005 0.001276 0.001587 0.001974 0.002357 0.002835 0.003347 0.004096 0.004837 0.005144 0.005060 0.004678 0.004413 0.004352 0.004349 0.004360 0.004280 0.004200 0.004055 0.003940 0.003894 0.003768 0.003742 0.003592 0.003425 0.003330 0.003040 0.002892 0.002740 0.002533 0.002405 0.002152 0.001926 0.001750 0.001534 0.001380 0.001205 0.001062 0.000946 0.000812 0.000711 0.000602 0.000503 0.000428 0.000359 0.000298 0.000245 0.000197 0.000156 0.000119 0.000085 0.000054 0.000028 0.000011
0.000000 0.000000 0.000000 0.000000 0.000010 0.000050 0.000155 0.000351 0.000607 0.000881 0.001112 0.001377 0.001662 0.001943 0.002347 0.002795 0.003518 0.004366 0.004989 0.005305 0.005178 0.005090 0.005216 0.005336 0.005455 0.005392 0.005259 0.005065 0.004851 0.004681 0.004408 0.004223 0.003956 0.003653 0.003467 0.003113 0.002873 0.002709 0.002482 0.002348 0.002106 0.001879 0.001702 0.001487 0.001329 0.001161 0.001012 0.000897 0.000769 0.000665 0.000562 0.000464 0.000382 0.000308 0.000244 0.000190 0.000143 0.000102 0.000067 0.000038 0.000017 0.000005 0.000000
0.000000 0.000000 0.000000 0.000000 0.000010 0.000046 0.000141 0.000308 0.000514 0.000754 0.000973 0.001218 0.001466 0.001707 0.002031 0.002388 0.003035 0.003860 0.004641 0.005358 0.005540 0.005666 0.005908 0.006035 0.006260 0.006214 0.006037 0.005889 0.005560 0.005262 0.004840 0.004505 0.004132 0.003702 0.003403 0.003017 0.002741 0.002560 0.002324 0.002167 0.001936 0.001697 0.001518 0.001329 0.001180 0.001032 0.000891 0.000778 0.000659 0.000553 0.000454 0.000361 0.000282 0.000215 0.000160 0.000116 0.000080 0.000050 0.000026 0.000011 0.000003 0.000000 0.000000
0.000000 0.000000 0.000000 0.000000 0.000004 0.000026 0.000093 0.000220 0.000399 0.000619 0.000837 0.001085 0.001327 0.001560 0.001882 0.002176 0.002715 0.003471 0.004295 0.005204 0.005653 0.005971 0.006274 0.006291 0.006431 0.006331 0.006078 0.005897 0.005639 0.005391 0.004921 0.004446 0.003983 0.003488 0.003157 0.002815 0.002530 0.002332 0.002094 0.001911 0.001706 0.001485 0.001313 0.001151 0.001018 0.000893 0.000766 0.000654 0.000548 0.000451 0.000364 0.000285 0.000217 0.000162 0.000118 0.000081 0.000050 0.000027 0.000011 0.000003 0.000000 0.000000 0.000000
0.000000 0.000000 0.000000 0.000000 0.000001 0.000011 0.000052 0.000144 0.000290 0.000487 0.000702 0.000959 0.001218 0.001473 0.001796 0.002064 0.002529 0.003143 0.003833 0.004684 0.005168 0.005466 0.005734 0.005662 0.005721 0.005613 0.005433 0.005316 0.005060 0.004811 0.004349 0.003841 0.003410 0.002998 0.002723 0.002444 0.002178 0.001973 0.001752 0.001563 0.001387 0.001213 0.001072 0.000944 0.000830 0.000728 0.000624 0.000530 0.000443 0.000361 0.000290 0.000227 0.000173 0.000128 0.000089 0.000056 0.000030 0.000012 0.000003 0.000000 0.000000 0.000000 0.000000
0.000000 0.000000 0.000000 0.000000 0.000000 0.000002 0.000015 0.000066 0.000171 0.000334 0.000533 0.000787 0.001057 0.001326 0.001652 0.001904 0.002296 0.002798 0.003332 0.004074 0.004556 0.004793 0.004953 0.004753 0.004657 0.004442 0.004245 0.004169 0.003957 0.003771 0.003420 0.003018 0.002711 0.002426 0.002224 0.002008 0.001781 0.001592 0.001404 0.001237 0.001091 0.000954 0.000842 0.000740 0.000647 0.000564 0.000483 0.000410 0.000343 0.000279 0.000222 0.000173 0.000129 0.000091 0.000057 0.000030 0.000012 0.000003 0.000000 0.000000 0.000000 0.000000 0.000000
0.000000 0.000000 0.000000 0.000000 0.000000 0.000000 0.000000 0.000010 0.000056 0.000164 0.000322 0.000546 0.000821 0.001111 0.001442 0.001695 0.002004 0.002399 0.002813 0.003422 0.003823 0.003956 0.003977 0.003681 0.003438 0.003199 0.003049 0.003014 0.002883 0.002784 0.002556 0.002293 0.002099 0.001902 0.001757 0.001588 0.001403 0.001242 0.001086 0.000952 0.000836 0.000730 0.000642 0.000561 0.000488 0.000425 0.000364 0.000308 0.000256 0.000207 0.000164 0.000124 0.000089 0.000057 0.000030 0.000012 0.000003 0.000000 0.000000 0.000000 0.000000 0.000000 0.000000
0.000000 0.000000 0.000000 0.000000 0.000000 0.000000 0.000000 0.000000 0.000000 0.000024 0.000117 0.000286 0.000535 0.000837 0.001183 0.001441 0.001714 0.002058 0.002395 0.002858 0.003117 0.003122 0.003013 0.002690 0.002421 0.002228 0.002131 0.002122 0.002062 0.002013 0.001878 0.001702 0.001579 0.001440 0.001332 0.001199 0.001053 0.000923 0.000802 0.000702 0.000617 0.000537 0.000470 0.000409 0.000354 0.000308 0.000263 0.000221 0.000182 0.000144 0.000110 0.000079 0.000050 0.000027 0.000011 0.000002 0.000000 0.000000 0.000000 0.000000 0.000000 0.000000 0.000000
